4436
0	1	0
0	2	1
0	3	2
0	4	3
0	5	3
0	6	3
0	7	3
0	4	3
0	8	3
0	9	3
0	10	3
0	11	3
0	12	3
0	13	3
0	14	4
0	15	4
0	2	5
0	16	6
0	17	6
0	18	7
0	19	8
0	20	8
0	21	8
22	23	9
22	24	10
22	25	10
22	26	10
22	27	10
22	28	10
22	29	10
22	30	10
22	31	10
22	32	10
22	33	10
22	34	11
22	35	1
22	36	3
22	37	3
22	38	3
22	39	3
22	40	3
22	40	3
22	40	3
22	41	3
22	42	3
22	43	3
22	44	3
22	45	3
22	5	3
22	46	3
22	10	3
22	47	3
22	48	3
22	49	3
22	50	3
22	51	3
22	52	3
22	53	3
22	54	3
22	55	3
22	56	3
22	57	3
22	58	3
22	59	3
22	60	3
22	61	3
22	62	3
22	63	3
22	64	3
22	65	3
22	8	3
22	66	3
22	67	3
22	68	3
22	69	3
22	70	3
22	71	3
22	72	3
22	73	3
22	74	3
22	75	3
22	76	3
22	77	3
22	78	3
22	79	3
22	80	3
22	81	12
22	23	13
22	82	14
22	83	15
22	84	16
22	85	8
22	86	8
22	87	8
22	88	8
22	89	8
22	90	8
22	91	8
22	92	8
22	93	8
22	94	8
22	95	8
22	96	8
22	97	8
22	98	8
22	99	8
22	100	8
22	101	8
22	102	8
22	103	8
22	104	8
22	105	8
22	106	8
22	107	17
22	108	18
22	109	18
22	110	19
22	110	19
22	111	20
22	112	21
22	113	22
22	114	5
22	35	5
22	23	23
22	23	24
22	34	25
115	116	19
115	116	19
115	117	20
115	118	8
115	119	8
115	120	8
115	121	8
115	122	8
115	123	8
115	124	8
115	125	8
115	126	8
115	23	26
115	23	24
115	127	5
115	128	5
115	127	1
115	129	22
115	130	15
115	131	21
115	81	12
115	132	3
115	53	3
115	56	3
115	44	3
115	64	3
115	133	3
115	134	3
115	135	3
115	62	3
115	40	3
115	36	3
115	79	3
115	63	3
115	136	3
115	137	3
115	5	3
115	51	3
115	138	3
115	10	3
115	139	3
115	140	3
115	73	3
115	141	3
115	142	3
115	143	3
115	42	3
115	144	3
115	145	3
115	146	3
115	39	3
115	40	3
115	70	3
115	147	3
115	40	3
115	8	3
115	81	27
148	149	8
148	150	8
148	151	8
148	152	8
148	153	8
148	154	8
148	155	8
148	156	8
148	157	8
148	158	8
148	23	24
148	159	1
148	81	12
148	23	26
148	160	20
148	161	5
148	159	5
148	44	3
148	62	3
148	63	3
148	162	3
148	70	3
148	79	3
148	40	3
148	36	3
148	42	3
148	64	3
148	8	3
148	73	3
148	5	3
148	56	3
148	51	3
148	40	3
148	40	3
148	10	3
148	53	3
148	81	27
148	163	15
148	164	19
148	164	19
165	166	28
165	167	1
165	42	3
165	168	3
165	53	3
165	169	3
165	40	3
165	5	3
165	70	3
165	58	3
165	10	3
165	40	3
165	40	3
165	8	3
165	170	5
165	167	5
165	171	22
165	172	19
165	172	19
165	173	20
165	23	24
165	174	29
165	175	15
165	104	8
165	176	8
165	177	8
165	178	8
165	179	8
165	180	8
165	181	8
165	182	8
165	183	8
165	184	8
165	185	8
165	186	8
165	187	8
165	81	12
165	188	18
165	174	14
165	189	21
190	191	18
190	192	18
190	193	1
190	194	30
190	195	30
190	196	30
190	23	24
190	197	15
190	40	3
190	40	3
190	40	3
190	10	3
190	5	3
190	70	3
190	42	3
190	53	3
190	8	3
190	198	20
190	23	26
190	81	12
190	81	27
190	199	19
190	199	19
190	200	8
190	201	8
190	202	8
190	203	8
190	204	8
190	205	8
190	206	8
190	193	5
190	207	5
208	209	19
208	209	19
208	210	15
208	23	24
208	211	3
208	212	3
208	5	3
208	213	3
208	62	3
208	79	3
208	8	3
208	42	3
208	44	3
208	36	3
208	214	3
208	53	3
208	215	3
208	216	3
208	67	3
208	217	3
208	63	3
208	73	3
208	218	3
208	40	3
208	219	3
208	58	3
208	40	3
208	10	3
208	51	3
208	64	3
208	70	3
208	40	3
208	56	3
208	220	1
208	23	26
208	221	8
208	222	8
208	223	8
208	224	8
208	225	8
208	226	8
208	227	8
208	228	20
208	23	27
208	229	5
208	220	5
208	81	12
230	231	31
231	81	12
231	232	1
231	233	15
231	234	32
231	235	19
231	235	19
236	231	33
237	231	33
238	231	33
239	231	33
240	231	33
231	241	20
231	23	26
231	242	8
231	243	8
231	244	8
231	245	8
231	246	8
231	247	8
231	248	8
231	249	8
231	250	8
231	81	27
231	251	5
231	232	5
231	23	24
231	252	3
231	253	3
231	254	3
231	73	3
231	70	3
231	63	3
231	5	3
231	62	3
231	64	3
231	255	3
231	8	3
231	40	3
231	79	3
231	256	3
231	44	3
231	42	3
231	257	3
231	36	3
231	258	3
231	259	3
231	260	3
231	261	3
231	262	3
231	263	3
231	40	3
231	56	3
231	51	3
231	40	3
231	264	3
231	10	3
231	53	3
265	266	2
267	265	34
265	12	3
265	9	3
265	268	3
265	5	3
265	63	3
265	8	3
265	269	3
265	10	3
265	270	3
265	56	3
265	271	3
265	272	3
265	273	3
265	274	3
265	13	3
265	275	3
265	276	3
265	277	3
265	278	3
265	279	3
265	280	3
265	11	3
265	281	3
265	282	1
265	283	8
265	284	8
265	285	5
265	283	35
265	286	36
287	288	37
287	23	38
287	289	39
287	290	39
287	23	40
287	291	3
287	292	3
287	8	3
287	293	3
287	294	3
287	70	3
287	68	3
287	76	3
287	295	3
287	40	3
287	62	3
287	296	3
287	10	3
287	40	3
287	53	3
287	56	3
287	5	3
287	297	3
287	36	3
287	44	3
287	298	3
287	79	3
287	64	3
287	299	3
287	51	3
287	300	3
287	218	3
287	301	3
287	302	3
287	73	3
287	303	3
287	304	3
287	305	3
287	306	3
287	307	3
287	40	3
287	63	3
287	42	3
287	216	3
287	23	24
287	308	20
287	309	21
287	310	18
287	311	30
287	312	5
287	313	5
287	314	5
287	23	26
287	315	41
287	316	41
287	317	41
287	318	41
287	319	41
287	320	42
287	321	42
287	81	27
287	322	22
323	287	43
287	324	15
287	325	44
287	326	19
287	326	19
287	327	8
287	328	8
287	329	8
287	330	8
287	331	8
287	332	8
287	333	8
287	334	8
287	335	8
287	247	8
287	336	8
287	337	8
287	338	8
287	339	8
287	340	8
287	341	8
287	342	8
287	343	8
287	344	8
287	345	8
287	346	8
287	312	1
287	81	12
347	348	1
347	349	2
347	350	5
347	351	45
347	352	45
347	353	45
347	354	45
347	355	45
347	356	45
347	357	8
347	358	8
347	359	8
347	360	3
347	10	3
347	361	3
347	361	3
347	362	3
347	360	3
347	363	3
347	364	3
347	365	3
347	366	3
347	367	3
368	369	1
368	360	3
368	361	3
368	360	3
368	364	3
368	365	3
368	10	3
368	370	3
368	362	3
368	361	3
371	368	46
368	372	46
368	373	35
368	369	5
368	374	8
368	375	8
368	376	14
368	377	14
372	368	47
368	378	48
368	371	47
368	81	49
379	380	46
380	381	1
380	382	48
380	383	35
380	360	3
380	370	3
380	365	3
380	10	3
380	364	3
380	361	3
380	361	3
380	362	3
380	360	3
380	81	49
380	384	45
380	385	14
380	386	14
380	387	8
380	388	8
380	389	8
380	390	8
380	391	8
380	381	5
392	393	50
392	394	51
392	395	51
392	396	52
392	397	2
392	398	48
392	399	53
392	367	3
392	360	3
392	360	3
392	365	3
392	362	3
392	361	3
392	364	3
392	366	3
392	400	3
392	10	3
392	401	3
392	361	3
392	402	1
392	403	54
392	404	8
392	405	8
392	406	8
407	408	45
407	409	5
407	362	3
407	367	3
407	361	3
407	363	3
407	361	3
407	365	3
407	366	3
407	364	3
407	360	3
407	360	3
407	10	3
407	410	22
411	407	55
407	412	1
407	413	21
407	407	8
407	414	8
407	415	8
416	417	21
416	418	1
416	419	56
416	420	56
416	421	22
416	422	8
416	423	8
416	424	8
416	425	8
416	426	8
416	427	8
416	428	8
416	429	57
416	81	49
430	416	42
431	416	42
432	416	42
416	418	5
416	433	58
416	434	43
416	435	43
416	436	43
416	437	43
416	432	43
416	438	43
416	439	43
416	440	43
416	441	59
416	442	59
416	443	59
416	444	60
416	445	3
416	446	3
416	447	3
416	448	3
416	365	3
416	360	3
416	449	3
416	450	3
416	451	3
416	362	3
416	452	3
416	453	3
416	280	3
416	454	3
416	10	3
416	455	3
416	364	3
416	360	3
416	456	3
416	274	3
457	362	3
457	360	3
457	453	3
457	447	3
457	458	3
457	274	3
457	280	3
457	448	3
457	451	3
457	459	3
457	456	3
457	365	3
457	364	3
457	449	3
457	446	3
457	360	3
457	445	3
457	460	3
457	10	3
457	461	57
457	462	58
457	463	1
457	464	43
457	465	43
457	81	49
457	466	8
457	467	8
457	468	8
457	469	8
457	470	8
457	471	8
457	463	5
457	472	56
457	473	56
457	474	56
475	476	57
475	360	3
475	447	3
475	362	3
475	10	3
475	360	3
475	364	3
475	365	3
475	477	21
475	478	59
475	479	59
475	480	59
475	481	5
475	482	43
475	483	22
475	484	1
475	485	60
475	81	49
475	486	8
475	487	8
475	488	8
475	489	8
475	489	56
475	490	56
475	491	61
475	492	61
475	493	61
475	494	61
495	496	46
495	10	3
495	497	3
495	362	3
495	364	3
495	361	3
495	361	3
495	360	3
495	365	3
495	360	3
495	498	47
495	81	49
495	499	62
495	500	8
495	501	8
495	502	8
495	503	8
495	504	8
495	505	48
495	506	48
496	495	47
495	507	1
495	507	5
508	495	46
498	495	46
509	510	21
509	511	63
509	512	64
509	513	65
512	509	46
509	514	2
509	515	66
509	516	8
509	517	8
509	518	67
509	360	3
509	519	3
509	361	3
509	361	3
509	362	3
509	10	3
509	364	3
509	360	3
509	365	3
509	520	3
509	521	22
509	522	1
523	524	22
523	525	68
523	526	69
523	527	69
523	523	1
523	195	36
523	73	3
523	528	3
523	56	3
523	36	3
523	529	3
523	530	3
523	274	3
523	531	3
523	532	3
523	533	3
523	534	3
523	10	3
523	535	3
523	536	3
523	537	3
523	535	3
523	538	3
523	539	3
523	540	3
523	541	3
523	542	21
523	543	8
523	531	3
523	523	5
523	544	70
545	546	69
545	531	3
545	539	3
545	547	3
545	548	3
545	528	3
545	529	3
545	56	3
545	535	3
545	36	3
545	549	3
545	536	3
545	540	3
545	550	3
545	533	3
545	534	3
545	10	3
545	535	3
545	532	3
545	73	3
545	551	3
545	531	3
545	537	3
545	274	3
545	552	8
545	553	36
545	545	1
545	545	5
554	555	71
554	556	72
554	557	68
554	558	68
554	555	73
554	559	69
554	560	69
554	561	69
554	562	69
554	533	3
554	537	3
554	534	3
554	536	3
554	531	3
554	535	3
554	563	3
554	540	3
554	10	3
554	535	3
554	564	74
554	565	70
554	566	1
554	567	36
554	568	5
554	566	5
554	569	8
570	531	3
570	274	3
570	537	3
570	534	3
570	36	3
570	10	3
570	550	3
570	533	3
570	529	3
570	73	3
570	540	3
570	571	3
570	56	3
570	535	3
570	528	3
570	572	3
570	547	3
570	535	3
570	548	3
570	573	3
570	532	3
570	549	3
570	536	3
570	539	3
570	574	69
570	575	69
570	576	70
570	577	5
570	578	3
570	577	1
570	579	36
570	580	68
570	581	8
570	582	8
583	584	75
583	585	21
583	586	5
583	555	73
583	587	48
583	588	48
583	589	48
583	590	8
583	591	8
583	592	8
583	593	8
583	594	8
583	595	8
583	555	71
583	34	76
583	23	77
583	596	78
583	597	22
583	598	72
583	81	79
583	599	3
583	563	3
583	533	3
583	535	3
583	10	3
583	535	3
583	600	3
583	586	1
601	602	22
601	603	5
601	604	80
601	73	3
601	605	3
601	606	3
601	607	3
601	608	3
601	609	3
601	535	3
601	610	3
601	611	3
601	612	3
601	613	3
601	36	3
601	274	3
601	535	3
601	614	3
601	79	3
601	615	3
601	532	3
601	616	3
601	10	3
601	533	3
601	617	3
601	618	21
601	603	1
601	34	81
601	619	8
601	620	8
601	621	8
601	622	8
601	623	8
601	624	8
625	626	8
625	627	8
625	628	22
625	626	82
625	625	1
625	629	72
625	34	83
625	555	73
625	630	2
625	34	84
625	631	85
625	632	85
625	286	36
625	81	86
625	564	74
625	633	87
625	555	71
625	634	88
625	529	3
625	534	3
625	635	3
625	528	3
625	540	3
625	533	3
625	539	3
625	535	3
625	549	3
625	274	3
625	36	3
625	535	3
625	56	3
625	532	3
625	547	3
625	563	3
625	73	3
625	636	3
625	637	3
625	537	3
625	10	3
625	638	21
639	639	5
639	639	1
639	73	3
639	274	3
639	533	3
639	535	3
639	10	3
639	640	3
639	641	3
639	642	3
639	643	3
639	642	3
639	36	3
639	644	3
639	535	3
639	645	3
639	646	3
639	647	3
639	532	3
639	648	8
639	649	89
639	286	89
650	564	74
650	34	84
650	651	85
650	652	85
650	555	73
650	555	71
650	653	21
650	540	3
650	563	3
650	533	3
650	537	3
650	534	3
650	535	3
650	535	3
650	10	3
650	286	36
650	654	82
650	650	1
650	81	86
650	655	35
650	656	2
650	657	22
650	658	72
650	659	8
650	660	87
650	34	83
661	23	90
661	662	91
661	663	1
661	664	36
661	665	22
661	666	92
661	667	92
661	668	3
661	535	3
661	533	3
661	669	3
661	535	3
661	670	3
661	615	3
661	10	3
661	671	3
661	611	3
661	672	8
661	673	93
661	564	94
661	674	5
661	675	5
661	676	21
661	677	87
678	679	95
678	680	96
678	681	97
678	682	5
678	682	1
678	683	98
678	684	21
678	685	21
678	686	99
678	687	100
678	688	3
678	689	3
678	690	3
678	10	3
678	679	3
678	687	3
678	691	3
678	692	8
678	693	8
678	694	8
678	695	8
678	696	8
678	697	8
678	698	8
678	699	8
678	700	8
678	680	8
678	701	8
678	702	8
678	703	101
678	704	22
678	705	102
678	706	103
707	708	8
707	709	8
707	710	8
707	711	22
707	703	101
707	712	96
707	713	98
707	688	3
707	689	3
707	679	3
707	691	3
707	10	3
707	714	3
707	715	3
707	690	3
707	686	99
707	716	102
707	714	100
707	717	103
707	718	5
707	719	1
707	679	95
707	720	97
707	721	21
722	723	1
722	723	5
722	724	101
722	679	95
722	725	21
722	726	96
722	727	97
722	728	22
722	729	8
722	730	8
722	731	8
722	732	8
722	733	8
722	734	8
722	735	8
722	736	8
722	686	99
722	737	102
722	714	100
722	679	3
722	714	3
722	715	3
722	691	3
722	10	3
722	688	3
722	690	3
722	689	3
722	726	104
722	713	98
738	739	96
738	740	5
738	741	97
738	679	3
738	688	3
738	742	3
738	689	3
738	690	3
738	743	3
738	691	3
738	10	3
738	679	95
738	683	98
738	744	8
738	745	8
738	746	8
738	741	8
738	740	1
738	747	101
738	748	99
738	742	100
738	749	102
750	751	105
750	752	102
750	753	97
750	754	103
750	755	95
750	756	96
750	757	100
750	758	8
750	759	8
750	760	8
750	753	8
750	761	8
750	762	3
750	79	3
750	73	3
750	763	3
750	764	3
750	10	3
750	36	3
750	765	3
750	44	3
750	688	3
750	691	3
750	62	3
750	755	3
750	690	3
750	766	3
750	767	1
768	769	1
768	770	102
768	771	103
768	772	22
768	773	97
768	774	100
768	775	106
768	776	106
768	777	106
768	778	106
768	779	106
768	780	106
768	690	3
768	781	3
768	691	3
768	73	3
768	36	3
768	782	3
768	783	3
768	784	3
768	10	3
768	785	3
768	79	3
768	688	3
768	44	3
768	62	3
768	786	8
768	787	8
768	788	8
768	789	8
768	790	8
768	791	8
768	792	8
768	793	8
768	794	8
768	795	8
768	796	8
768	797	8
768	798	8
768	799	8
768	800	8
768	801	8
768	802	8
768	803	8
768	773	8
768	804	8
768	805	8
768	806	8
768	807	8
768	808	8
768	809	21
768	810	98
768	782	95
768	773	96
768	811	101
768	769	5
768	812	105
813	691	3
813	814	3
813	10	3
813	689	3
813	688	3
813	690	3
813	679	3
813	679	95
813	815	8
813	813	5
813	816	97
813	817	97
813	813	1
813	818	99
813	686	99
813	819	102
813	820	102
821	813	96
822	813	96
823	813	96
813	814	100
813	824	106
813	825	106
826	10	3
826	690	3
826	691	3
826	781	3
826	782	3
826	688	3
826	827	8
826	828	8
826	829	8
826	830	8
826	831	97
826	832	105
826	782	95
826	833	102
826	834	102
826	835	106
826	827	96
826	836	103
826	837	1
826	838	100
839	840	100
839	841	5
839	713	98
839	842	8
839	843	8
839	844	8
839	845	8
839	846	8
839	847	8
839	690	3
839	689	3
839	10	3
839	848	3
839	688	3
839	679	3
839	691	3
839	849	3
839	850	21
839	851	102
839	703	101
839	852	22
839	853	96
839	679	95
839	686	99
839	854	97
839	855	103
839	841	1
856	857	97
856	858	100
856	859	106
856	860	106
856	861	106
856	862	106
856	863	1
856	864	96
856	10	3
856	690	3
856	689	3
856	688	3
856	691	3
856	865	3
856	679	3
856	857	8
856	866	8
856	867	8
856	679	95
856	868	102
856	748	99
856	865	99
869	870	3
869	871	3
869	872	3
869	873	3
869	10	3
869	874	3
869	875	3
869	876	3
869	877	3
878	869	107
869	879	5
869	870	3
880	869	108
869	879	1
869	881	109
869	882	109
869	34	110
869	880	107
869	878	108
869	883	111
869	884	8
869	885	8
869	886	112
887	81	113
887	81	113
888	887	108
887	889	112
887	890	112
887	891	109
887	892	109
887	893	109
894	887	107
895	887	107
887	896	114
887	897	114
887	888	107
887	34	110
887	898	1
887	895	108
887	894	108
887	899	8
887	900	8
887	901	8
887	902	8
887	903	8
887	904	8
887	905	8
887	617	3
887	873	3
887	906	3
887	907	3
887	874	3
887	10	3
887	908	3
887	909	3
887	876	3
887	871	3
887	36	3
887	877	3
887	73	3
887	79	3
887	910	3
887	911	5
887	912	5
887	896	115
887	897	115
887	913	116
887	914	117
887	915	117
916	917	1
916	918	33
916	919	33
916	920	5
916	393	118
916	921	119
916	34	110
916	451	3
916	922	3
916	923	3
916	274	3
916	924	3
916	873	3
916	925	3
916	10	3
916	926	3
916	927	3
916	876	3
916	36	3
916	928	3
916	73	3
916	929	3
916	79	3
916	617	3
916	930	3
916	453	3
916	280	3
916	871	3
916	931	3
916	932	8
916	933	8
916	934	8
916	935	8
916	936	8
916	81	113
916	937	120
916	938	120
916	939	120
916	940	120
916	941	120
916	942	120
916	943	121
916	944	122
916	945	123
946	947	5
946	948	1
946	949	120
946	950	120
946	951	120
946	952	120
946	953	120
946	34	110
946	10	3
946	926	3
946	871	3
946	873	3
946	925	3
946	922	3
946	876	3
946	954	123
946	955	124
946	956	8
946	957	8
946	958	8
946	959	8
946	933	8
946	960	8
946	961	8
946	962	122
946	963	125
964	926	3
964	925	3
964	873	3
964	922	3
964	871	3
964	10	3
964	876	3
964	965	36
964	966	8
964	967	8
964	968	8
964	969	8
964	970	8
964	971	8
964	972	8
964	973	8
964	974	123
964	975	120
964	976	120
964	977	5
964	978	126
964	979	1
980	981	108
981	982	111
981	983	5
981	980	107
984	981	107
981	985	3
981	81	113
981	982	121
981	984	108
981	986	1
981	987	109
981	988	8
981	872	3
981	873	3
981	875	3
981	10	3
981	874	3
981	871	3
981	870	3
981	877	3
981	876	3
989	871	3
989	872	3
989	10	3
989	875	3
989	874	3
989	877	3
989	617	3
989	990	3
989	873	3
989	909	3
989	991	3
989	992	3
989	876	3
989	993	3
989	908	3
989	36	3
989	994	3
989	79	3
989	870	3
989	73	3
995	989	107
989	996	107
989	34	110
989	995	108
996	989	108
989	81	113
989	997	111
989	998	5
989	999	112
989	1000	112
989	1001	1
989	1002	8
989	1003	8
989	1004	8
989	1005	8
989	1006	8
989	1007	8
989	1008	109
1009	1010	121
1009	1011	121
1009	34	110
1009	1010	114
1009	1012	109
1009	1013	109
1009	873	3
1009	877	3
1009	10	3
1009	906	3
1009	871	3
1009	73	3
1009	874	3
1009	36	3
1009	79	3
1009	910	3
1009	876	3
1009	1014	3
1009	908	3
1009	1015	3
1009	617	3
1009	909	3
1009	1016	8
1009	1017	8
1009	1018	8
1009	1019	8
1009	1020	8
1009	1021	8
1009	1022	8
1009	1023	8
1009	1024	8
1009	1010	115
1009	1025	5
1009	1026	117
1009	1027	112
1009	1025	1
1028	1029	1
1028	873	3
1028	871	3
1028	876	3
1028	1030	3
1028	1031	3
1028	10	3
1028	1032	3
1028	1029	5
1028	957	8
1028	960	8
1028	935	8
1028	1033	8
1028	933	8
1028	1034	8
1028	932	8
1028	1035	8
1028	1036	8
1028	1037	8
1028	1038	8
1028	1039	123
1028	1040	127
1041	1042	123
1041	926	3
1041	876	3
1041	871	3
1041	873	3
1041	925	3
1041	10	3
1041	922	3
1041	1043	120
1041	34	110
1041	1044	8
1041	1045	8
1041	1046	8
1041	1047	8
1041	1036	8
1041	1048	8
1041	1049	1
1041	1050	36
1041	1051	5
1041	1052	125
1053	1054	8
1053	1055	8
1053	1056	8
1053	1057	8
1053	1058	8
1053	1059	8
1053	1060	8
1053	1061	8
1053	1062	8
1053	1063	8
1064	1053	128
1053	1065	129
1053	1064	129
1053	1066	129
1053	23	9
1053	1067	5
1053	1068	5
1053	1069	5
1064	1053	130
1053	1070	19
1053	1070	19
1053	23	26
1053	1071	1
1053	53	3
1053	1072	3
1053	1073	3
1053	5	3
1053	40	3
1053	1074	3
1053	56	3
1053	262	3
1053	42	3
1053	8	3
1053	1075	3
1053	1076	3
1053	44	3
1053	1077	3
1053	40	3
1053	70	3
1053	1078	3
1053	79	3
1053	1079	3
1053	1080	3
1053	1081	3
1053	40	3
1053	1082	3
1053	10	3
1053	51	3
1053	63	3
1053	1083	3
1053	1084	3
1053	62	3
1053	73	3
1053	36	3
1053	1085	3
1053	1086	3
1053	1087	3
1053	64	3
1053	1088	3
1053	1089	130
1053	23	23
1053	23	27
1053	1090	21
1053	1091	30
1053	1092	22
1053	1093	131
1053	1070	131
1053	1094	128
1095	79	3
1095	70	3
1095	73	3
1095	60	3
1095	1096	3
1095	1097	3
1095	63	3
1095	10	3
1095	36	3
1095	64	3
1095	44	3
1095	5	3
1095	56	3
1095	1098	3
1095	1099	3
1095	40	3
1095	40	3
1095	1100	3
1095	58	3
1095	67	3
1095	1101	3
1095	51	3
1095	1102	3
1095	1103	3
1095	53	3
1095	49	3
1095	40	3
1095	42	3
1095	62	3
1095	8	3
1095	1104	19
1095	1104	19
1095	1105	17
1095	1106	5
1095	1107	5
1095	1108	5
1095	1109	8
1095	1110	8
1095	1111	8
1095	1112	8
1095	104	8
1095	1113	8
1095	1114	8
1095	81	12
1095	1115	15
1095	23	24
1095	1116	20
1095	34	25
1095	1117	132
1095	1106	1
1118	40	3
1118	53	3
1118	8	3
1118	10	3
1118	40	3
1118	40	3
1118	70	3
1118	42	3
1118	5	3
1118	1119	8
1118	1120	8
1118	1121	8
1118	1122	8
1118	1123	8
1118	1124	8
1118	1125	8
1118	1126	8
1118	1127	8
1118	1128	5
1118	1129	5
1118	81	27
1118	23	24
1118	1130	20
1118	81	12
1118	1131	15
1118	23	26
1118	1132	19
1118	1132	19
1118	1129	1
1133	23	24
1133	1134	8
1133	1135	8
1133	1136	8
1133	1137	8
1133	104	8
1133	1138	8
1133	1139	8
1133	1140	8
1133	1141	8
1133	1142	8
1133	1143	8
1133	1144	8
1133	1145	1
1133	1146	133
1133	58	3
1133	5	3
1133	1147	3
1133	40	3
1133	40	3
1133	42	3
1133	8	3
1133	70	3
1133	10	3
1133	40	3
1133	1148	3
1133	53	3
1133	1149	5
1133	1145	5
1133	81	12
1133	1150	20
1133	1151	15
1133	1152	18
1133	34	25
1133	1153	134
1133	1154	134
1133	1155	134
1133	1156	134
1133	1157	134
1133	1158	134
1133	1159	28
1133	1160	14
1133	1161	14
1133	1162	14
1133	1163	14
1133	1164	14
1133	1165	14
1133	1166	19
1133	1166	19
1167	664	18
1167	1168	18
1167	1169	109
1167	1170	109
1167	23	23
1167	1171	135
1167	1172	41
1173	1167	136
1174	1167	136
1167	1175	20
1167	36	3
1167	62	3
1167	261	3
1167	70	3
1167	73	3
1167	5	3
1167	40	3
1167	1176	3
1167	64	3
1167	260	3
1167	53	3
1167	1177	3
1167	256	3
1167	40	3
1167	1178	3
1167	1179	3
1167	49	3
1167	51	3
1167	8	3
1167	79	3
1167	44	3
1167	56	3
1167	40	3
1167	262	3
1167	42	3
1167	63	3
1167	10	3
1167	23	24
1167	1180	1
1167	1181	19
1167	1181	19
1167	1182	137
1167	1183	5
1167	1184	5
1167	81	12
1167	1173	138
1167	1174	138
1167	1185	15
1167	1182	126
1167	1186	2
1167	1187	8
1167	1188	8
1167	1189	8
1167	1190	8
1167	104	8
1167	1191	8
1167	1192	8
1193	1194	18
1193	1195	18
1193	1196	5
1193	1197	5
1193	1198	5
1193	1199	3
1193	60	3
1193	1200	3
1193	1201	3
1193	1202	3
1193	53	3
1193	51	3
1193	10	3
1193	8	3
1193	1148	3
1193	1203	3
1193	44	3
1193	5	3
1193	56	3
1193	40	3
1193	49	3
1193	72	3
1193	58	3
1193	67	3
1193	63	3
1193	79	3
1193	64	3
1193	40	3
1193	73	3
1193	42	3
1193	70	3
1193	1147	3
1193	62	3
1193	36	3
1193	40	3
1193	1204	8
1193	104	8
1193	1205	8
1193	1206	8
1193	1207	8
1193	1208	8
1193	1209	8
1193	1210	8
1193	1211	8
1193	1212	133
1193	34	25
1193	1213	132
1193	1214	15
1193	1215	22
1193	1197	1
1193	1216	28
1193	1217	19
1193	1217	19
1193	81	12
1193	81	12
1193	1218	20
1193	1219	14
1193	1220	14
1193	1221	14
1193	1222	14
1193	1223	14
1193	1224	14
1193	1225	134
1193	1226	134
1193	1227	134
1193	1228	134
1193	1229	134
1193	1230	134
1193	1231	134
1193	23	24
1193	1232	21
1233	1193	139
1234	1193	139
1235	1193	139
1236	1193	139
1237	1238	20
1239	1237	43
1237	1240	30
1237	1241	30
1237	81	27
1237	1242	5
1237	1243	5
1237	81	12
1237	1244	8
1237	1245	8
1237	1246	8
1237	1247	8
1237	1248	8
1237	1188	8
1237	1249	8
1237	70	3
1237	64	3
1237	53	3
1237	42	3
1237	40	3
1237	10	3
1237	56	3
1237	62	3
1237	40	3
1237	1250	3
1237	36	3
1237	73	3
1237	63	3
1237	51	3
1237	1251	3
1237	5	3
1237	1252	3
1237	1253	3
1237	40	3
1237	79	3
1237	1254	3
1237	44	3
1237	8	3
1237	1255	19
1237	1255	19
1256	1237	140
1237	23	26
1237	1243	1
1237	1257	15
1237	1258	18
1237	1259	18
1237	1241	18
1237	23	24
1260	81	12
1260	1261	15
1260	1262	19
1260	1262	19
1260	1263	8
1260	104	8
1260	1264	8
1260	23	24
1260	1265	5
1260	1266	5
1260	1266	141
1260	1267	32
1260	53	3
1260	64	3
1260	36	3
1260	10	3
1260	49	3
1260	8	3
1260	62	3
1260	44	3
1260	51	3
1260	42	3
1260	40	3
1260	70	3
1260	63	3
1260	56	3
1260	5	3
1260	40	3
1260	40	3
1260	79	3
1260	73	3
1260	1266	1
1260	1268	20
1260	1269	37
1260	1270	37
1260	587	18
1260	1271	18
1260	1272	18
1273	1274	134
1273	34	25
1273	1275	14
1273	1276	20
1273	1277	15
1273	23	24
1273	1278	8
1273	1279	8
1273	104	8
1273	1280	8
1273	1281	19
1273	1281	19
1273	1159	28
1273	64	3
1273	72	3
1273	44	3
1273	10	3
1273	63	3
1273	56	3
1273	79	3
1273	70	3
1273	40	3
1273	49	3
1273	40	3
1273	58	3
1273	60	3
1273	1148	3
1273	36	3
1273	1201	3
1273	40	3
1273	51	3
1273	5	3
1273	53	3
1273	8	3
1273	62	3
1273	1147	3
1273	67	3
1273	42	3
1273	73	3
1273	1282	3
1273	81	12
1273	1283	5
1273	1284	5
1273	1285	5
1273	1283	1
1286	1287	18
1286	587	18
1286	23	26
1286	1288	30
1286	1289	15
1286	1290	20
1286	81	12
1286	1291	1
1286	23	24
1286	1292	3
1286	40	3
1286	8	3
1286	1293	3
1286	1294	3
1286	1295	3
1286	51	3
1286	1296	3
1286	1297	3
1286	1298	3
1286	42	3
1286	1299	3
1286	73	3
1286	53	3
1286	10	3
1286	63	3
1286	49	3
1286	79	3
1286	36	3
1286	56	3
1286	40	3
1286	1300	3
1286	1301	3
1286	1302	3
1286	40	3
1286	62	3
1286	5	3
1286	39	3
1286	44	3
1286	70	3
1286	64	3
1286	1303	8
1286	1304	8
1286	1305	8
1286	1306	8
1286	1307	8
1286	1308	8
1286	1309	8
1286	1310	8
1286	1311	8
1286	1312	8
1286	1313	19
1286	1313	19
1286	1291	5
1286	1314	5
1286	81	27
1315	1316	142
1315	1317	5
1315	1318	143
1315	1319	8
1315	1320	8
1315	1321	8
1315	1322	3
1315	360	3
1315	360	3
1315	361	3
1315	362	3
1315	365	3
1315	364	3
1315	10	3
1315	361	3
1315	34	144
1315	34	144
1315	1318	145
1315	34	146
1315	34	146
1315	1323	1
1315	1324	48
1315	1325	48
1315	1316	147
1315	1326	148
1315	1327	149
1315	1328	150
1315	1326	151
1315	1316	152
1315	564	153
1315	1316	154
1329	1328	147
1329	1330	22
1331	1329	155
1329	1332	149
1329	1333	48
1329	1334	48
1329	473	48
1329	1335	143
1329	1335	145
1329	1328	154
1329	34	146
1329	34	146
1329	1336	148
1329	362	3
1329	361	3
1329	360	3
1329	364	3
1329	361	3
1329	1322	3
1329	10	3
1329	365	3
1329	360	3
1329	1337	21
1329	473	36
1329	564	153
1329	1338	1
1329	1339	8
1329	1340	8
1329	1341	8
1329	1342	8
1329	1335	151
1329	1343	152
1329	34	144
1329	34	144
1329	1328	142
1329	1344	150
1329	1345	5
1346	361	3
1346	360	3
1346	360	3
1346	363	3
1346	366	3
1346	364	3
1346	367	3
1346	361	3
1346	365	3
1346	10	3
1346	362	3
1346	1347	8
1346	1348	8
1346	1349	8
1346	1350	8
1346	1351	45
1346	1352	45
1346	1353	45
1346	1354	45
1346	1355	45
1346	1356	45
1346	1357	45
1346	1358	45
1346	1359	45
1346	1360	45
1346	1361	45
1346	1362	1
1363	1364	14
1363	1365	14
1363	1366	8
1363	1367	8
1363	1368	8
1363	1369	8
1363	1370	5
1363	1371	35
1372	1363	47
1363	1373	55
1363	1370	1
1363	1374	47
1363	360	3
1363	365	3
1363	364	3
1363	10	3
1363	370	3
1363	361	3
1363	360	3
1363	362	3
1363	361	3
1363	1375	48
1363	81	49
1363	1372	46
1374	1363	46
1363	1376	45
1377	1378	8
1377	1379	8
1377	1380	8
1377	1381	8
1377	1382	1
1377	1383	35
1377	81	49
1377	1384	46
1385	1377	46
1377	360	3
1377	361	3
1377	365	3
1377	10	3
1377	364	3
1377	362	3
1377	360	3
1377	370	3
1377	361	3
1377	1385	47
1377	1386	14
1377	1387	14
1377	1388	45
1377	1382	5
1384	1377	47
1377	1389	48
1390	1391	5
1390	1392	14
1390	1393	14
1390	1394	46
1390	1395	48
1390	81	49
1390	1396	35
1397	1390	46
1390	1398	8
1390	1399	8
1390	1400	8
1390	361	3
1390	10	3
1390	360	3
1390	361	3
1390	364	3
1390	362	3
1390	365	3
1390	370	3
1390	360	3
1394	1390	47
1390	1401	1
1390	1402	45
1390	1397	47
1403	1404	43
1403	10	3
1403	362	3
1403	365	3
1403	360	3
1403	447	3
1403	360	3
1403	364	3
1403	1405	8
1403	1406	8
1403	1407	8
1403	1408	8
1403	1409	60
1403	81	49
1403	1410	21
1403	195	56
1403	1411	56
1403	1412	5
1403	1413	58
1403	1414	61
1403	1415	61
1403	1416	61
1403	1417	22
1403	1418	59
1403	1419	59
1403	1420	59
1403	1421	59
1403	1422	59
1403	1423	1
1424	1425	43
1424	1426	43
1424	1427	43
1424	1428	56
1424	1429	156
1424	1430	5
1424	81	49
1429	1424	156
1424	1431	8
1424	1432	8
1424	1433	8
1424	1434	57
1424	1435	58
1424	365	3
1424	360	3
1424	360	3
1424	362	3
1424	447	3
1424	10	3
1424	364	3
1424	1436	1
1424	1437	21
1424	1438	61
1424	1439	61
1424	1440	22
1441	1442	58
1441	1443	22
1441	1444	5
1441	1445	56
1441	1446	56
1441	1447	57
1441	1448	61
1441	1449	61
1441	448	3
1441	364	3
1441	1450	3
1441	360	3
1441	456	3
1441	453	3
1441	451	3
1441	446	3
1441	445	3
1441	360	3
1441	1451	3
1441	365	3
1441	10	3
1441	280	3
1441	447	3
1441	362	3
1441	274	3
1441	1452	3
1441	1453	3
1441	1454	21
1441	1455	8
1441	1456	8
1441	1457	8
1441	1458	8
1441	1459	8
1441	1460	8
1441	1444	1
1441	81	49
1461	1462	21
1461	1463	57
1464	1461	42
1465	1461	42
1466	1461	42
1461	1467	8
1461	1468	8
1461	1469	8
1461	1470	8
1461	1471	8
1461	1472	8
1461	1473	8
1461	1474	8
1461	81	49
1461	1475	22
1461	1476	58
1461	1477	60
1461	1478	60
1461	1479	60
1461	1480	1
1461	1481	56
1461	1482	56
1461	1480	5
1461	1483	59
1461	1484	59
1461	1485	3
1461	449	3
1461	1486	3
1461	362	3
1461	1487	3
1461	448	3
1461	445	3
1461	453	3
1461	10	3
1461	1488	3
1461	1489	3
1461	451	3
1461	924	3
1461	1490	3
1461	360	3
1461	280	3
1461	1491	3
1461	456	3
1461	447	3
1461	446	3
1461	365	3
1461	360	3
1461	364	3
1461	1492	3
1461	1493	3
1461	274	3
1461	1494	61
1461	1495	61
1461	1496	61
1497	528	3
1497	539	3
1497	10	3
1497	1498	3
1497	534	3
1497	549	3
1497	535	3
1497	36	3
1497	529	3
1497	537	3
1497	535	3
1497	56	3
1497	548	3
1497	550	3
1497	531	3
1497	274	3
1497	547	3
1497	563	3
1497	532	3
1497	73	3
1497	533	3
1497	540	3
1497	536	3
1497	557	68
1497	558	68
1497	1499	8
1497	1500	5
1497	1501	5
1497	564	74
1497	565	70
1497	567	36
1497	555	71
1497	555	73
1497	1502	69
1497	1503	69
1497	1504	69
1497	1505	69
1497	1506	72
1497	1500	1
1507	1508	5
1507	1509	72
1507	563	3
1507	535	3
1507	1510	3
1507	529	3
1507	532	3
1507	528	3
1507	1511	3
1507	10	3
1507	56	3
1507	547	3
1507	535	3
1507	533	3
1507	537	3
1507	549	3
1507	534	3
1507	36	3
1507	548	3
1507	73	3
1507	539	3
1507	540	3
1507	274	3
1507	550	3
1507	1512	69
1507	1513	36
1507	1514	8
1507	1515	1
1507	555	71
1507	555	73
1507	1516	68
1507	34	84
1507	1517	70
1518	555	73
1518	1519	157
1518	1050	36
1518	1520	36
1518	1521	36
1518	1522	22
1518	555	71
1518	1523	21
1518	528	3
1518	274	3
1518	539	3
1518	535	3
1518	36	3
1518	538	3
1518	563	3
1518	540	3
1518	534	3
1518	535	3
1518	1524	3
1518	56	3
1518	73	3
1518	529	3
1518	537	3
1518	532	3
1518	541	3
1518	10	3
1518	533	3
1518	1525	87
1518	1526	82
1518	564	74
1518	1527	8
1518	1526	8
1518	1528	8
1518	1529	1
1518	1530	72
1518	1529	5
1518	1531	85
1532	1533	8
1532	555	73
1532	1534	21
1532	527	69
1532	1535	69
1532	195	36
1532	535	3
1532	73	3
1532	531	3
1532	1536	3
1532	536	3
1532	533	3
1532	563	3
1532	535	3
1532	532	3
1532	56	3
1532	10	3
1532	540	3
1532	538	3
1532	539	3
1532	537	3
1532	529	3
1532	534	3
1532	541	3
1532	274	3
1532	528	3
1532	36	3
1532	525	68
1532	1537	22
1532	531	3
1532	544	70
1532	1532	1
1532	555	71
1532	1538	72
1532	564	74
1532	1539	5
1532	1532	5
1540	1541	72
1540	555	71
1540	564	74
1540	531	3
1540	1542	36
1540	1540	5
1540	1540	1
1540	1543	69
1540	1544	69
1540	1545	69
1540	555	73
1540	536	3
1540	535	3
1540	10	3
1540	534	3
1540	36	3
1540	541	3
1540	540	3
1540	533	3
1540	547	3
1540	539	3
1540	1546	3
1540	528	3
1540	529	3
1540	274	3
1540	531	3
1540	73	3
1540	563	3
1540	532	3
1540	537	3
1540	549	3
1540	538	3
1540	56	3
1540	535	3
1540	1547	8
1548	535	3
1548	274	3
1548	529	3
1548	532	3
1548	643	3
1548	533	3
1548	644	3
1548	535	3
1548	36	3
1548	10	3
1548	647	3
1548	642	3
1548	1549	3
1548	539	3
1548	642	3
1548	73	3
1548	1550	3
1548	1551	3
1548	640	3
1548	563	3
1548	56	3
1548	645	3
1548	1552	158
1548	34	84
1548	1553	89
1548	1554	89
1548	1555	159
1548	1556	72
1548	555	71
1548	1557	8
1548	1558	8
1548	1559	8
1548	1560	5
1548	34	160
1548	555	73
1548	1561	1
1562	1563	8
1562	1564	5
1562	34	76
1565	1562	30
1566	1562	30
1567	1562	30
1568	1562	30
1569	1562	30
1570	1562	30
1571	1562	30
1572	1562	30
1573	1562	30
1574	1562	30
1575	1562	30
1576	1562	30
1577	1562	30
1562	34	84
1562	547	3
1562	36	3
1562	549	3
1562	563	3
1562	529	3
1562	535	3
1562	533	3
1562	540	3
1562	10	3
1562	274	3
1562	56	3
1562	539	3
1562	535	3
1562	534	3
1562	73	3
1562	532	3
1562	537	3
1562	1578	3
1562	572	3
1562	555	73
1562	1579	22
1562	555	71
1562	1580	36
1562	1581	161
1562	1582	55
1562	1583	55
1562	1580	55
1562	1584	72
1562	1585	87
1562	1586	1
1562	34	162
1562	1587	21
1588	1562	48
1562	34	163
1562	564	74
1589	1562	18
1590	1562	18
1591	1562	18
1592	1562	18
1593	1562	18
1594	1562	18
1595	1562	18
1596	1562	18
1597	1562	18
1598	1562	18
1599	1562	18
1600	1562	18
1601	1562	18
1562	1602	164
1562	1603	165
1604	555	71
1604	34	162
1604	1604	5
1604	1605	161
1604	1604	1
1604	34	163
1604	1606	165
1604	1580	36
1604	1607	164
1604	1608	72
1604	34	76
1604	34	84
1604	1609	87
1604	534	3
1604	572	3
1604	535	3
1604	535	3
1604	533	3
1604	1610	3
1604	73	3
1604	563	3
1604	540	3
1604	537	3
1604	274	3
1604	10	3
1604	532	3
1604	549	3
1604	547	3
1604	539	3
1604	36	3
1604	56	3
1604	529	3
1604	564	74
1604	555	73
1604	1611	8
1612	34	84
1612	34	83
1612	1613	69
1612	1614	69
1612	1615	69
1612	1616	1
1612	555	73
1612	1617	21
1612	1618	72
1612	564	74
1612	1616	5
1612	1619	8
1612	555	71
1612	1620	36
1612	1621	22
1612	548	3
1612	56	3
1612	10	3
1612	533	3
1612	563	3
1612	36	3
1612	73	3
1612	535	3
1612	539	3
1612	537	3
1612	274	3
1612	529	3
1612	532	3
1612	549	3
1612	1622	3
1612	528	3
1612	550	3
1612	534	3
1612	535	3
1612	547	3
1612	540	3
1623	555	73
1623	531	3
1623	1624	69
1623	1625	69
1623	1626	69
1623	1627	72
1623	1542	36
1623	1623	1
1623	1623	5
1623	555	71
1623	1628	8
1623	563	3
1623	535	3
1623	529	3
1623	534	3
1623	535	3
1623	549	3
1623	73	3
1623	533	3
1623	528	3
1623	537	3
1623	540	3
1623	536	3
1623	531	3
1623	36	3
1623	10	3
1623	539	3
1623	56	3
1623	541	3
1623	538	3
1623	274	3
1623	1629	3
1623	547	3
1623	532	3
1630	1631	103
1630	62	3
1630	679	3
1630	1632	3
1630	689	3
1630	1633	3
1630	1634	3
1630	690	3
1630	36	3
1630	1635	3
1630	1636	3
1630	814	3
1630	691	3
1630	10	3
1630	688	3
1630	73	3
1630	79	3
1630	44	3
1630	1637	8
1630	1638	8
1630	1639	8
1630	1640	8
1630	1641	22
1630	703	101
1630	1642	97
1630	814	100
1630	686	99
1630	818	99
1630	1643	1
1630	1644	21
1630	683	98
1630	1645	96
1630	679	95
1630	1646	102
1630	819	102
1647	832	105
1647	1647	1
1647	838	100
1647	1648	97
1647	1649	97
1647	834	102
1647	1650	102
1651	1647	96
1652	1647	96
1653	1647	96
1647	782	95
1647	1654	22
1647	1647	8
1647	1647	5
1647	1655	21
1647	691	3
1647	10	3
1647	688	3
1647	782	3
1647	690	3
1647	781	3
1656	1657	106
1656	1658	106
1656	1659	106
1656	1660	106
1656	1661	5
1656	679	3
1656	690	3
1656	10	3
1656	688	3
1656	691	3
1656	689	3
1656	742	3
1656	743	3
1656	1662	102
1656	1663	97
1656	748	99
1656	1664	8
1656	1665	8
1656	1666	8
1656	742	100
1656	679	95
1656	1661	1
1656	1666	96
1667	1668	22
1667	1669	96
1667	1670	5
1667	742	100
1667	1662	102
1667	679	95
1667	1671	21
1667	748	99
1667	1670	1
1667	1672	106
1667	1673	106
1667	10	3
1667	679	3
1667	688	3
1667	690	3
1667	691	3
1667	742	3
1667	743	3
1667	689	3
1667	1674	8
1667	1675	8
1667	1676	97
1677	782	95
1677	1678	106
1677	1679	106
1677	1680	106
1677	1681	106
1677	1682	106
1677	1683	5
1677	838	100
1677	1684	97
1677	1685	97
1677	834	102
1677	1686	102
1677	1687	22
1677	1688	21
1677	832	105
1677	1683	1
1677	782	3
1677	691	3
1677	10	3
1677	690	3
1677	781	3
1677	688	3
1677	1684	8
1689	1690	103
1689	1691	5
1689	1692	1
1689	1693	8
1689	1694	8
1689	796	8
1689	1695	8
1689	1693	96
1689	781	3
1689	691	3
1689	782	3
1689	10	3
1689	690	3
1689	688	3
1689	1696	97
1689	838	100
1689	834	100
1689	782	95
1689	832	105
1689	1697	102
1698	1699	97
1698	1700	96
1698	1701	1
1698	1701	5
1698	1702	8
1698	1703	8
1698	1704	8
1698	1705	8
1698	1699	8
1698	689	3
1698	690	3
1698	849	3
1698	679	3
1698	10	3
1698	848	3
1698	691	3
1698	688	3
1698	840	100
1698	1706	102
1698	713	98
1698	686	99
1698	1707	103
1698	679	95
1708	782	95
1708	1709	101
1708	832	105
1708	1710	102
1708	834	102
1708	1711	97
1708	838	100
1708	1712	103
1708	1713	8
1708	1714	8
1708	1715	8
1708	1713	96
1708	1716	98
1708	1717	1
1708	10	3
1708	782	3
1708	688	3
1708	62	3
1708	781	3
1708	691	3
1708	73	3
1708	690	3
1708	36	3
1708	783	3
1708	79	3
1708	44	3
1708	1718	3
1719	1720	8
1719	1721	8
1719	1722	8
1719	1723	8
1719	1724	8
1719	688	3
1719	10	3
1719	782	3
1719	690	3
1719	781	3
1719	691	3
1719	1725	102
1719	1726	5
1719	1727	1
1719	1728	103
1719	1729	97
1719	1730	97
1719	1721	97
1719	1731	100
1719	832	105
1719	782	95
1732	782	95
1732	1733	1
1732	36	3
1732	10	3
1732	62	3
1732	688	3
1732	44	3
1732	73	3
1732	1734	3
1732	690	3
1732	782	3
1732	783	3
1732	781	3
1732	691	3
1732	79	3
1732	838	100
1732	1735	96
1732	1736	97
1732	832	105
1732	747	101
1732	1737	102
1732	834	102
1732	1738	8
1732	1735	8
1732	1716	98
1739	1740	5
1739	34	110
1739	1741	126
1739	1742	111
1739	1743	108
1739	1744	8
1739	1745	8
1746	1739	108
1739	1747	1
1739	10	3
1739	871	3
1739	877	3
1739	870	3
1739	872	3
1739	876	3
1739	875	3
1739	873	3
1739	874	3
1739	1748	112
1739	1746	107
1739	81	113
1743	1739	107
1739	1749	109
1750	81	166
1750	1751	109
1750	10	3
1750	79	3
1750	73	3
1750	1752	3
1750	871	3
1750	873	3
1750	909	3
1750	1753	3
1750	1754	3
1750	1755	3
1750	876	3
1750	36	3
1750	908	3
1750	617	3
1750	1756	3
1750	1757	5
1750	1758	2
1750	1759	48
1750	1759	36
1750	1760	8
1750	1757	1
1750	1761	126
1750	81	113
1750	1762	167
1750	1763	120
1750	1764	120
1750	1765	120
1750	1766	120
1750	1767	120
1768	1769	5
1768	1770	1
1768	81	113
1768	1771	33
1768	1772	109
1768	1771	121
1768	1773	115
1768	1774	108
1768	873	3
1768	910	3
1768	877	3
1768	10	3
1768	876	3
1768	906	3
1768	874	3
1768	871	3
1774	1768	107
1768	1775	117
1768	1773	114
1768	1776	168
1768	1777	8
1768	1778	8
1768	1779	8
1768	1780	8
1768	34	110
1781	23	169
1781	34	170
1781	873	3
1781	10	3
1781	1782	3
1781	876	3
1781	1783	3
1781	871	3
1781	1784	3
1781	1785	3
1781	1786	3
1781	1787	171
1781	1788	172
1781	1789	172
1781	1790	5
1781	1791	173
1781	1792	174
1781	1793	175
1781	1794	1
1781	23	176
1781	1795	177
1781	1186	2
1781	1796	8
1781	1797	8
1781	1798	8
1781	1799	8
1781	1800	8
1781	1801	8
1781	1802	178
1803	1804	107
1803	1805	108
1803	34	110
1803	1806	1
1803	1806	5
1803	1807	179
1805	1803	107
1803	1749	109
1803	1808	109
1803	1809	33
1803	81	113
1803	1810	121
1804	1803	108
1803	1809	115
1803	10	3
1803	876	3
1803	873	3
1803	871	3
1803	877	3
1803	874	3
1803	910	3
1803	906	3
1803	1811	112
1803	1809	114
1803	1812	8
1803	1813	8
1803	1814	8
1803	1815	8
1803	1816	8
1803	1817	8
1803	1818	8
1803	1819	8
1803	1820	8
1803	1821	117
1822	1823	22
1822	1824	2
1822	1825	180
1822	564	181
1822	1826	21
1822	1827	168
1822	1828	175
1822	1822	1
1822	1829	182
1822	1830	126
1822	1831	3
1822	79	3
1822	1832	3
1822	1833	3
1822	73	3
1822	876	3
1822	909	3
1822	1834	3
1822	36	3
1822	1835	3
1822	617	3
1822	1784	3
1822	929	3
1822	1836	3
1822	1837	3
1822	930	3
1822	1838	3
1822	873	3
1822	10	3
1822	908	3
1822	1785	3
1822	1839	3
1822	1782	3
1822	1840	3
1822	871	3
1822	1822	5
1822	1841	8
1822	1842	8
1822	1843	8
1822	1844	8
1822	1845	8
1822	1846	183
1822	1847	183
1848	1849	5
1848	34	110
1850	1848	108
1851	1848	108
1848	1852	8
1848	1853	8
1848	1854	8
1848	1855	8
1848	1856	8
1848	1857	109
1848	1858	109
1848	1859	21
1848	1849	1
1848	1860	114
1848	1861	108
1848	876	3
1848	873	3
1848	871	3
1848	877	3
1848	10	3
1848	906	3
1848	910	3
1848	874	3
1848	1862	112
1848	1863	112
1848	1850	107
1848	1860	33
1848	81	184
1848	1864	22
1848	1865	168
1848	1860	115
1861	1848	107
1848	1866	117
1867	1868	1
1867	1868	5
1869	1867	117
1867	1870	108
1870	1867	107
1867	1871	112
1867	1872	112
1867	1873	112
1867	34	110
1867	1874	109
1867	1875	109
1867	1876	121
1867	1877	121
1867	1878	121
1867	1879	121
1867	1880	111
1867	1881	8
1867	1882	8
1867	1883	8
1867	1884	8
1867	1885	8
1867	1886	8
1867	1887	8
1867	1888	8
1867	1889	8
1867	1890	8
1867	81	113
1867	79	3
1867	1891	3
1867	876	3
1867	873	3
1867	877	3
1867	872	3
1867	617	3
1867	10	3
1867	36	3
1867	1892	3
1867	1893	3
1867	1894	3
1867	73	3
1867	871	3
1867	874	3
1867	1895	3
1867	908	3
1867	1896	3
1867	1897	3
1867	870	3
1867	875	3
1867	991	3
1867	909	3
1867	1898	3
1899	34	110
1899	1900	109
1899	1749	109
1899	1901	5
1899	1902	1
1899	1903	8
1899	1904	8
1899	1871	112
1899	1873	112
1899	1905	22
1899	1906	2
1899	1907	21
1899	73	3
1899	876	3
1899	909	3
1899	1908	3
1899	36	3
1899	10	3
1899	617	3
1899	872	3
1899	1909	3
1899	871	3
1899	873	3
1899	1910	3
1899	877	3
1899	875	3
1899	991	3
1899	870	3
1899	908	3
1899	79	3
1899	874	3
1911	1912	8
1911	1913	109
1911	1914	111
1911	1915	121
1911	1916	1
1911	1917	112
1918	1911	108
1911	1916	5
1911	871	3
1911	874	3
1911	876	3
1911	875	3
1911	79	3
1911	991	3
1911	877	3
1911	73	3
1911	1919	3
1911	870	3
1911	908	3
1911	10	3
1911	873	3
1911	909	3
1911	617	3
1911	36	3
1911	872	3
1911	34	110
1911	870	3
1911	1920	108
1911	1918	107
1911	1921	185
1911	1922	185
1923	1924	5
1923	1925	5
1923	1926	21
1923	1927	186
1923	81	12
1923	1928	15
1923	23	26
1923	1929	129
1923	81	187
1923	81	188
1923	1930	8
1923	1931	8
1923	1932	8
1923	1933	8
1923	1934	8
1923	1935	8
1923	1936	8
1923	1937	8
1923	1938	8
1923	1939	8
1923	1940	8
1923	1941	8
1923	1942	8
1923	1943	8
1923	1944	8
1923	23	24
1923	81	27
1923	1945	30
1923	1946	30
1947	1923	129
1923	1948	20
1923	1949	19
1923	1949	19
1923	1950	22
1923	73	3
1923	1951	3
1923	1952	3
1923	36	3
1923	10	3
1923	1953	3
1923	64	3
1923	51	3
1923	39	3
1923	8	3
1923	1954	3
1923	1955	3
1923	44	3
1923	63	3
1923	40	3
1923	1956	3
1923	56	3
1923	1957	3
1923	79	3
1923	1958	3
1923	1959	3
1923	216	3
1923	53	3
1923	42	3
1923	1960	3
1923	40	3
1923	1961	3
1923	1962	3
1923	1963	3
1923	70	3
1923	218	3
1923	5	3
1923	1964	3
1923	40	3
1923	62	3
1923	1965	1
1923	1966	18
1923	1922	18
1967	1968	1
1967	1969	15
1967	1970	19
1967	1970	19
1967	23	24
1967	1971	20
1967	81	27
1967	23	26
1967	53	3
1967	36	3
1967	42	3
1967	44	3
1967	73	3
1967	70	3
1967	1972	3
1967	8	3
1967	62	3
1967	40	3
1967	51	3
1967	1973	3
1967	56	3
1967	5	3
1967	64	3
1967	40	3
1967	1974	3
1967	10	3
1967	1975	3
1967	79	3
1967	40	3
1967	63	3
1967	23	12
1967	1968	5
1967	1976	5
1967	1977	8
1967	1978	8
1967	1979	8
1967	1980	8
1967	1981	8
1982	1983	21
1982	1984	189
1982	1985	22
1982	1986	1
1982	1987	18
1982	1988	18
1982	1989	15
1982	1990	8
1982	1991	8
1982	1992	8
1982	1278	8
1982	1993	8
1982	104	8
1982	1994	8
1982	1995	8
1982	1996	8
1982	1997	109
1982	1998	109
1982	1999	20
1982	81	12
1982	2000	190
1982	2001	112
1982	2002	5
1982	2003	5
2004	1982	191
2005	1982	191
2006	1982	111
2007	1982	111
1982	2008	19
1982	2008	19
1982	2009	2
1982	1975	3
1982	1974	3
1982	10	3
1982	42	3
1982	44	3
1982	51	3
1982	60	3
1982	2010	3
1982	79	3
1982	62	3
1982	2011	3
1982	63	3
1982	2012	3
1982	36	3
1982	2013	3
1982	2014	3
1982	2015	3
1982	73	3
1982	64	3
1982	5	3
1982	2016	3
1982	8	3
1982	67	3
1982	40	3
1982	40	3
1982	2017	3
1982	2018	3
1982	56	3
1982	2019	3
1982	2020	3
1982	49	3
1982	2021	3
1982	70	3
1982	2022	3
1982	2023	3
1982	40	3
1982	2024	3
1982	2025	3
1982	53	3
1982	23	24
2004	1982	192
2005	1982	192
2026	2027	18
2026	2028	18
2026	2029	18
2026	81	12
2026	2030	137
2026	2031	22
2032	2026	193
2026	2033	1
2026	2034	194
2026	2035	141
2026	23	24
2026	2030	195
2026	2036	196
2026	2037	34
2026	2038	34
2026	2039	34
2026	2040	34
2026	2041	21
2026	2042	8
2026	2043	8
2026	2044	8
2026	2045	8
2026	2046	8
2026	2047	8
2026	2048	8
2026	2049	8
2026	2050	8
2026	2051	8
2026	2052	8
2026	2053	8
2026	2054	19
2026	2054	19
2026	2055	197
2026	2056	37
2026	2057	37
2026	2058	37
2026	40	3
2026	2059	3
2026	44	3
2026	79	3
2026	62	3
2026	63	3
2026	1296	3
2026	5	3
2026	70	3
2026	40	3
2026	40	3
2026	56	3
2026	10	3
2026	64	3
2026	51	3
2026	8	3
2026	1292	3
2026	42	3
2026	2060	3
2026	73	3
2026	262	3
2026	36	3
2026	256	3
2026	53	3
2055	2026	197
2026	2033	5
2026	23	26
2026	81	27
2061	2062	8
2061	2063	8
2061	2064	8
2061	2065	8
2061	2066	8
2061	2067	8
2061	2068	8
2061	2069	8
2061	2070	8
2061	2071	1
2061	2072	20
2061	2073	15
2061	53	3
2061	40	3
2061	8	3
2061	70	3
2061	40	3
2061	5	3
2061	40	3
2061	10	3
2061	42	3
2061	23	12
2061	23	26
2061	2074	19
2061	2074	19
2061	2075	5
2061	2071	5
2061	23	27
2061	23	24
2076	361	3
2076	367	3
2076	363	3
2076	360	3
2076	360	3
2076	366	3
2076	364	3
2076	361	3
2076	10	3
2076	362	3
2076	365	3
2076	2076	8
2076	2077	8
2076	2078	8
2076	2079	8
2076	2080	8
2076	2081	8
2076	2082	8
2076	2083	8
2076	2084	8
2076	2085	8
2076	2086	8
2076	2087	1
2076	2088	5
2076	2089	45
2076	2090	45
2076	2091	45
2076	2092	45
2076	1357	45
2076	2093	45
2076	2094	45
2076	397	2
2095	2096	57
2095	274	3
2095	451	3
2095	360	3
2095	10	3
2095	445	3
2095	448	3
2095	2097	3
2095	456	3
2095	362	3
2095	449	3
2095	280	3
2095	453	3
2095	364	3
2095	446	3
2095	360	3
2095	447	3
2095	365	3
2095	2098	3
2095	2099	58
2095	2100	1
2095	2101	60
2095	2102	21
2095	81	49
2095	2103	56
2095	2104	56
2095	2105	22
2095	2106	61
2095	2107	61
2095	2108	8
2095	2109	8
2095	2110	8
2095	2100	5
2111	360	3
2111	10	3
2111	365	3
2111	364	3
2111	362	3
2111	447	3
2111	360	3
2111	2112	5
2111	2113	8
2111	2114	8
2111	2115	56
2111	2116	56
2111	2117	1
2111	2118	43
2111	2119	43
2111	2120	58
2111	2121	59
2111	2122	59
2111	2123	60
2111	81	49
2111	2124	57
2111	2125	61
2126	321	57
2126	81	49
2126	2127	43
2126	2128	1
2126	2129	21
2126	2130	61
2126	2131	61
2126	2132	56
2126	2133	5
2126	2134	59
2126	2135	59
2126	447	3
2126	360	3
2126	10	3
2126	365	3
2126	362	3
2126	360	3
2126	364	3
2126	2136	8
2126	2137	22
2138	2139	61
2138	2140	61
2138	364	3
2138	2141	3
2138	280	3
2138	447	3
2138	2142	3
2138	2143	3
2138	453	3
2138	362	3
2138	2144	3
2138	365	3
2138	2145	3
2138	2146	3
2138	274	3
2138	2147	3
2138	360	3
2138	2148	3
2138	360	3
2138	446	3
2138	2149	3
2138	445	3
2138	2150	3
2138	10	3
2138	449	3
2138	456	3
2138	2151	3
2138	448	3
2138	451	3
2138	2152	60
2138	2153	58
2138	2154	56
2138	2155	56
2138	2156	56
2138	2157	5
2138	2158	43
2138	2157	1
2138	2159	21
2138	81	49
2138	2160	57
2161	2138	42
2138	2162	8
2138	2163	8
2138	2164	8
2138	2165	8
2138	2166	8
2138	2167	8
2138	2168	59
2138	2169	59
2138	2170	22
2171	2172	70
2171	2173	70
2171	2174	68
2171	2175	68
2171	1195	36
2171	2171	5
2171	2176	5
2171	2171	1
2171	534	3
2171	535	3
2171	10	3
2171	531	3
2171	540	3
2171	537	3
2171	533	3
2171	536	3
2171	535	3
2171	2177	8
2171	2178	69
2171	2179	69
2180	2181	89
2180	2182	89
2180	2183	198
2180	2184	22
2180	34	160
2180	2180	1
2180	2185	72
2180	2186	159
2180	2187	21
2180	555	73
2180	34	84
2180	535	3
2180	533	3
2180	2188	3
2180	563	3
2180	644	3
2180	647	3
2180	640	3
2180	642	3
2180	36	3
2180	10	3
2180	645	3
2180	532	3
2180	2189	3
2180	274	3
2180	535	3
2180	73	3
2180	642	3
2180	643	3
2180	555	71
2190	2180	199
2191	2180	199
2192	2180	199
2180	2193	199
2180	2180	5
2180	2194	8
2180	2195	8
2180	2196	8
2180	2197	8
2198	2199	48
2199	2200	72
2199	2201	87
2199	2202	8
2199	2203	8
2199	2204	157
2205	2199	18
2206	2199	18
2199	540	3
2199	10	3
2199	534	3
2199	533	3
2199	73	3
2199	274	3
2199	528	3
2199	539	3
2199	537	3
2199	529	3
2199	532	3
2199	538	3
2199	563	3
2199	36	3
2199	56	3
2199	2207	3
2199	541	3
2199	535	3
2199	535	3
2199	2208	85
2199	555	71
2199	555	73
2199	2199	1
2199	2209	200
2199	1520	36
2199	1050	36
2199	2199	5
2199	564	74
2210	2211	18
2212	2211	18
2211	2213	5
2211	2214	5
2211	2215	3
2211	2216	201
2211	2217	201
2211	2218	21
2211	34	202
2211	34	202
2211	34	83
2211	34	83
2211	555	71
2211	555	73
2211	2214	1
2211	34	203
2211	34	203
2211	1271	36
2219	2211	30
2211	2220	70
2211	532	3
2211	2221	3
2211	10	3
2211	528	3
2211	2222	3
2211	534	3
2211	533	3
2211	539	3
2211	535	3
2211	535	3
2211	529	3
2211	56	3
2211	548	3
2211	550	3
2211	563	3
2211	537	3
2211	73	3
2211	547	3
2211	274	3
2211	549	3
2211	36	3
2211	540	3
2211	2223	3
2211	2224	68
2211	2225	68
2211	564	74
2211	2226	8
2211	2227	8
2211	2211	8
2211	2228	8
2211	2229	8
2211	34	84
2230	2211	204
2211	2231	87
2211	2232	22
2233	2211	35
2211	81	205
2234	2211	48
2235	2211	48
2211	2236	72
2211	2215	206
2211	555	207
2211	34	208
2211	34	208
2211	2237	69
2211	2238	69
2211	2239	85
2211	2240	2
2211	2241	209
2211	2241	209
2242	2242	5
2242	555	71
2242	534	3
2242	532	3
2242	73	3
2242	36	3
2242	2243	3
2242	529	3
2242	535	3
2242	535	3
2242	56	3
2242	274	3
2242	528	3
2242	539	3
2242	540	3
2242	533	3
2242	537	3
2242	550	3
2242	548	3
2242	563	3
2242	10	3
2242	2242	1
2242	2244	70
2242	2245	21
2242	555	73
2242	2246	36
2242	2247	69
2242	2248	69
2242	2249	22
2242	2250	72
2242	2251	8
2242	2252	8
2253	679	95
2253	686	99
2253	703	101
2253	2254	1
2253	2255	8
2253	2256	8
2253	714	100
2253	683	98
2253	10	3
2253	714	3
2253	679	3
2253	690	3
2253	688	3
2253	715	3
2253	689	3
2253	691	3
2253	2254	5
2253	2257	97
2253	2258	97
2253	716	102
2259	679	95
2259	2260	96
2259	689	3
2259	2261	3
2259	1634	3
2259	2262	3
2259	44	3
2259	1635	3
2259	690	3
2259	2263	3
2259	10	3
2259	2264	3
2259	688	3
2259	73	3
2259	79	3
2259	679	3
2259	36	3
2259	1636	3
2259	1633	3
2259	814	3
2259	691	3
2259	62	3
2259	819	102
2259	820	102
2259	2265	97
2259	686	99
2259	2264	8
2259	814	100
2259	2266	1
2259	2266	5
2259	2267	106
2268	1709	101
2268	2269	5
2268	2270	97
2268	2271	8
2268	2272	8
2268	2273	8
2268	683	98
2268	686	99
2268	2269	1
2268	2273	96
2268	1636	3
2268	62	3
2268	2274	3
2268	73	3
2268	10	3
2268	79	3
2268	691	3
2268	690	3
2268	36	3
2268	679	3
2268	689	3
2268	688	3
2268	2275	3
2268	44	3
2268	2276	102
2268	679	95
2268	2275	100
2277	2278	96
2277	748	99
2277	2279	8
2277	2280	8
2277	2281	22
2277	2282	1
2277	690	3
2277	679	3
2277	689	3
2277	10	3
2277	688	3
2277	742	3
2277	743	3
2277	691	3
2277	2283	106
2277	2284	106
2277	1662	102
2277	2285	97
2277	679	95
2277	742	100
2277	2286	21
2287	686	99
2287	2288	97
2287	851	102
2287	688	3
2287	10	3
2287	691	3
2287	848	3
2287	689	3
2287	849	3
2287	679	3
2287	690	3
2287	840	100
2287	2289	96
2287	679	95
2287	2290	5
2287	747	101
2287	2290	1
2287	1716	98
2287	2291	103
2287	2292	8
2287	2289	8
2287	2293	8
2287	843	8
2294	2295	109
2294	2296	109
2294	2297	5
2294	2298	108
2294	2299	115
2294	34	110
2294	34	110
2294	2300	112
2294	2301	112
2294	2297	1
2294	2302	168
2298	2294	107
2294	81	113
2294	2303	33
2294	2299	114
2294	2304	117
2294	2305	8
2294	2306	8
2294	2307	8
2294	2308	8
2294	2309	8
2294	2310	8
2294	2311	8
2294	73	3
2294	909	3
2294	876	3
2294	36	3
2294	10	3
2294	617	3
2294	871	3
2294	910	3
2294	2312	3
2294	873	3
2294	906	3
2294	877	3
2294	874	3
2294	79	3
2294	908	3
2294	2313	107
2294	2303	121
2313	2294	108
2314	2314	5
2314	926	3
2314	923	3
2314	451	3
2314	922	3
2314	2315	3
2314	871	3
2314	2316	3
2314	274	3
2314	2317	3
2314	453	3
2314	928	3
2314	925	3
2314	2318	3
2314	930	3
2314	924	3
2314	79	3
2314	873	3
2314	280	3
2314	929	3
2314	617	3
2314	73	3
2314	10	3
2314	876	3
2314	36	3
2314	2319	3
2314	195	36
2314	2320	124
2314	2321	125
2314	2322	120
2314	2323	120
2314	2324	120
2314	2325	33
2314	2325	123
2314	2326	2
2314	2327	8
2314	2328	8
2314	2329	8
2314	2330	8
2314	2331	8
2314	2332	8
2314	2333	126
2314	2314	1
2334	2335	33
2334	34	110
2334	2335	114
2334	2336	1
2334	871	3
2334	877	3
2334	2337	3
2334	79	3
2334	10	3
2334	36	3
2334	910	3
2334	909	3
2334	876	3
2334	73	3
2334	874	3
2334	908	3
2334	617	3
2334	873	3
2334	906	3
2334	2338	121
2334	1873	112
2339	2334	107
2334	2339	108
2334	2340	8
2334	2341	8
2334	2342	8
2334	2343	8
2334	2344	8
2334	2345	8
2334	2346	8
2334	2347	8
2334	81	113
2334	2348	109
2334	2349	107
2334	2335	115
2334	2350	5
2349	2334	108
2334	2351	117
2352	2353	183
2352	1271	183
2352	2354	183
2352	2355	2
2352	1827	168
2352	564	181
2352	564	181
2352	876	3
2352	10	3
2352	908	3
2352	2356	3
2352	73	3
2352	929	3
2352	1831	3
2352	1784	3
2352	1837	3
2352	873	3
2352	36	3
2352	1833	3
2352	1834	3
2352	79	3
2352	1840	3
2352	2357	3
2352	1785	3
2352	1839	3
2352	1782	3
2352	909	3
2352	2358	3
2352	871	3
2352	930	3
2352	617	3
2352	1838	3
2352	2359	5
2352	2359	1
2352	2360	8
2352	2361	8
2352	2362	8
2352	2363	8
2352	2364	8
2352	2365	8
2352	2366	8
2352	1838	3
2352	2364	210
2367	2368	115
2367	2369	115
2370	2367	108
2367	2371	1
2367	2372	8
2367	2373	8
2367	2374	8
2367	2375	8
2367	2376	8
2367	2377	8
2367	2378	8
2367	2379	8
2367	2380	8
2367	2381	8
2367	2382	8
2367	1819	8
2367	2383	117
2367	2384	117
2367	2385	108
2367	34	110
2367	34	110
2367	2386	112
2367	2387	112
2367	2371	5
2367	2388	33
2367	2389	33
2367	2369	121
2367	2390	121
2367	2391	121
2367	2392	3
2367	10	3
2367	2393	3
2367	2394	3
2367	876	3
2367	2395	3
2367	910	3
2367	2396	3
2367	2397	3
2367	2398	3
2367	871	3
2367	280	3
2367	2399	3
2367	877	3
2367	2400	3
2367	874	3
2367	873	3
2367	906	3
2367	2401	3
2367	2402	109
2367	1749	109
2367	2403	109
2367	2404	109
2367	1858	109
2367	2369	114
2367	2368	114
2367	81	113
2367	81	113
2367	2405	116
2367	2406	116
2367	2407	168
2367	2370	107
