1789
12398	0
en	1
74334	2
143782	3
XMLSchema#int	4
5	5
13587	6
29977	7
29731	8
44076	9
40968	10
55700	11
61226	12
728	13
61227	14
30368	15
33534	16
46898	17
38458	18
61176	19
MeninWhite	20
601	21
9202a8c04000641f80000000047968f5	22
148973	23
148979	24
148980	25
148971	26
148975	27
148976	28
148978	29
148968	30
148977	31
148970	32
148974	33
148972	34
148969	35
film	36
82	37
20104	38
4	39
12710	40
31700	41
44800	42
589	43
42768	44
585	45
10117	46
Megaville	47
18945	48
24033	49
144038	50
74410	51
42566	52
5500	53
77413	54
70367	55
43619	56
52344	57
72428	58
71732	59
2661	60
255	61
95	62
9202a8c04000641f80000000047ba60d	63
14299	64
2930	65
BrianaLovesJenna	66
Briana_Loves_Jenna	67
2001,2001-11-27	68
30040	69
39031	70
31497	71
32619	72
70953	73
72536	74
55464	75
72396	76
43285	77
24752	78
6219	79
145197	80
74894	81
5952	82
9896	83
9202a8c04000641f80000000055827c2	84
14438	85
88	86
19886	87
104	88
1972	89
2641	90
10044	91
14630	92
100251	93
140418	94
70478	95
194101	96
100253	97
100255	98
100254	99
100252	100
NowYouSeeHim,NowYouDon't	101
34407	102
31243	103
527	104
31101	105
50788	106
32040	107
33082	108
1167	109
Now_You_See_Him,_Now_You_Don't	110
9202a8c04000641f8000000005596ce8	111
47754	112
6288	113
145301	114
74945	115
43354	116
24821	117
2108	118
2019	119
9452	120
42558	121
32287	122
3355	123
1193	124
2917	125
135864	126
71114	127
85	128
1351	129
2003-06-13	130
Dumb&Dumberer	131
14177	132
698	133
2158	134
16678	135
5946	136
13754	137
7368	138
alias?type=imdbid&s=0329028	139
9202a8c04000641f800000000048fea0	140
tt0329028	141
6220	142
2276	143
15305	144
15304	145
2275	146
9657	147
70982	148
9656	149
9658	150
2381	151
108	152
13288	153
1965	154
What'sNewPussycat?	155
66844	156
49723	157
51265	158
56069	159
50018	160
99761	161
58567	162
What's_New_Pussycat?	163
fr	164
11663	165
alias?type=imdbid&s=0059903	166
9202a8c04000641f80000000004fd9b4	167
tt0059903	168
19753	169
136102	170
1220	171
136101	172
71209	173
38286	174
63261	175
13237	176
15178	177
36799	178
10	179
29679	180
31973	181
30975	182
30463	183
29614	184
375	185
GB	186
2635167	187
154	188
12908	189
4557	190
4357	191
2572	192
9690	193
10936	194
4347	195
4346	196
4344	197
4343	198
118676	199
4345	200
2002-01-11	201
47098	202
34874	203
39434	204
44171	205
44189	206
29669	207
371	208
10869	209
1181	210
318	211
2398	212
86	213
867	214
alias?type=imdbid&s=0303356	215
tt0303356	216
9202a8c04000641f80000000005646e7	217
Biggie&Tupac	218
136276	219
183	220
4053	221
A_Man,_a_Real_One	222
3017382	223
AMan,aRealOne	224
165	225
2003-05-28	226
526	227
632	228
19714	229
FR	230
797	231
23034	232
796	233
9202a8c04000641f80000000007afaba	234
tt0329706	235
alias?type=imdbid&s=0329706	236
20517	237
39050	238
1984	239
137540	240
137539	241
66572	242
120	243
35688	244
1570	245
10974	246
1569	247
777	248
778	249
779	250
84776	251
7390	252
41006	253
377	254
13682	255
1995	256
9202a8c04000641f80000000004af166	257
TheIncrediblyTrueAdventureofTwoGirlsinLove	258
333	259
32228	260
48861	261
32227	262
5748	263
13110	264
19046	265
40960	266
46958	267
38446	268
41408	269
8475	270
35123	271
35120	272
35119	273
35122	274
35121	275
5266	276
29	277
10319	278
TheSpiralStaircase	279
1946-02-06	280
1354	281
16174	282
33562	283
30867	284
36329	285
32009	286
36306	287
9202a8c04000641f8000000000527d33	288
41573	289
56	290
15593	291
16556	292
9077	293
2	294
BrokenLance	295
1954	296
5456	297
5458	298
5454	299
5457	300
5455	301
1708	302
9202a8c04000641f8000000000567f08	303
1166	304
33143	305
32491	306
35936	307
30035	308
29794	309
1835	310
4501	311
1994-07-09	312
Super-WarriorDefeat!!I'mtheOnewho'llWin	313
1396	314
13022	315
5614	316
137895	317
881	318
ja	319
4416	320
4411	321
4414	322
82244	323
4412	324
4409	325
4410	326
4415	327
4408	328
4413	329
3887	330
47808	331
34160	332
34497	333
42282	334
40928	335
33932	336
35586	337
35096	338
35093	339
1545	340
50	341
9202a8c04000641f8000000000867897	342
5232	343
2475	344
2954	345
1942-10-23	346
21023	347
138483	348
2490	349
39556	350
5240	351
9202a8c04000641f80000000009746be	352
tt0035096	353
alias?type=imdbid&s=0035096	354
30	355
The_Mummy's_Tomb	356
TheMummy'sTomb	357
5226	358
5326	359
2035	360
192397	361
33556	362
95522	363
79968	364
33557	365
5155	366
61	367
30295	368
36482	369
46810	370
43277	371
55256	372
7260	373
6191	374
61136	375
139288	376
JP	377
14150	378
1983-10-12	379
1861060	380
8972	381
87740	382
25385	383
25386	384
25387	385
SatomiHakkenden	386
tt0086244	387
alias?type=imdbid&s=0086244	388
9202a8c04000641f8000000000abf0a2	389
4154	390
14066	391
5444	392
180	393
1122	394
136	395
34973	396
44257	397
32168	398
36373	399
6213	400
1990-02-15	401
139299	402
39963	403
21430	404
2897	405
55701	406
72470	407
TheHandmaid'sTale	408
4082	409
0771008139	410
40287	411
31802	412
31801	413
31800	414
152723	415
31803	416
118941	417
30559	418
35239	419
30004	420
31745	421
52659	422
47463	423
33031	424
23	425
8599	426
8982	427
The_Handmaid's_Tale_(film)	428
11068	429
1292	430
13441	431
13572	432
109	433
9202a8c04000641f8000000000ac8dbc	434
tt0099731	435
alias?type=imdbid&s=0099731	436
281	437
1656	438
94	439
6866	440
6468	441
17242	442
2007	443
73576	444
43526	445
55985	446
Magnum,P.I.	447
tt0756681	448
9202a8c04000641f8000000000b3087f	449
alias?type=imdbid&s=0756681	450
11092	451
11328	452
32753	453
35595	454
49301	455
21528	456
139511	457
2995	458
40061	459
Magnum,_P.I.	460
70866	461
144085	462
144088	463
144091	464
144086	465
144089	466
144090	467
144087	468
812	469
RoutineCheckUps4	470
59936	471
60321	472
59932	473
60309	474
60310	475
60322	476
59938	477
368	478
197	479
2006	480
9202a8c04000641f8000000009f30a4b	481
7348	482
7347	483
15854	484
1983	485
872	486
Bill:OnHisOwn	487
tt0085247	488
alias?type=imdbid&s=0085247	489
9202a8c04000641f8000000000c6ae93	490
100	491
1389	492
4371	493
4369	494
4370	495
4368	496
159456	497
4367	498
140209	499
46165	500
29477	501
29778	502
30837	503
38081	504
30114	505
7963	506
TheAftermath	507
9202a8c04000641f8000000000d192d4	508
alias?type=imdbid&s=0758789	509
tt0758789	510
29135	511
29134	512
29132	513
29133	514
29131	515
11682	516
36466	517
37594	518
32015	519
37715	520
31908	521
692	522
4850	523
997	524
1709	525
140699	526
63652	527
72987	528
11639	529
8446	530
31581	531
32793	532
29405	533
11436	534
73136	535
141053	536
114	537
36	538
3604	539
5959	540
1174	541
15	542
3287	543
2112	544
2113	545
110	546
alias?type=imdbid&s=0120751	547
9202a8c04000641f8000000000db9872	548
tt0120751	549
5196	550
4592	551
MightyJoeYoung	552
157	553
1998-12-25	554
4184	555
19600	556
19601	557
173853	558
5652	559
10100	560
40914	561
40146	562
90531	563
96870	564
1159	565
11719	566
88229	567
63031	568
3535	569
12281	570
70633	571
42868	572
1160	573
23866	574
66097	575
48179	576
13196	577
44846	578
63785	579
96598	580
Person	581
director	582
9202a8c04000641f8000000000535fbd	583
AbelFerrara(Director)	584
AbelFerrara	585
10846	586
95114	587
84413	588
91121	589
91749	590
93001	591
83511	592
74508	593
84412	594
83482	595
93002	596
84415	597
92998	598
96162	599
92999	600
84414	601
85570	602
84411	603
84416	604
95113	605
93000	606
92047	607
PaulMorris(Director)	608
PaulMorris	609
9202a8c04000641f800000000073a82c	610
29369	611
9202a8c04000641f8000000000006567	612
ArnoldSchwarzenegger(Actor)	613
UNK	614
ArnoldSchwarzenegger	615
48657	616
130707	617
27714	618
37111	619
16696	620
15940	621
172514	622
10231	623
45946	624
7173	625
3688	626
122075	627
7258	628
108170	629
170732	630
71211	631
155111	632
24196	633
23316	634
28803	635
108573	636
37403	637
17411	638
7289	639
66980	640
42948	641
35380	642
37548	643
28799	644
24169	645
24035	646
153297	647
150932	648
10139	649
28975	650
actor	651
39464	652
979	653
2078	654
59172	655
584	656
39119	657
43683	658
3296	659
2105	660
39882	661
1346	662
33	663
40490	664
9876	665
4477	666
40930	667
39250	668
44002	669
54780	670
5167	671
8441	672
40118	673
5235	674
38324	675
38490	676
578	677
2200	678
65937	679
38151	680
38231	681
40536	682
705	683
30569	684
9202a8c04000641f800000000012b866	685
2047	686
247	687
38266	688
2740	689
42278	690
16872	691
9931	692
87696	693
43033	694
42844	695
9082	696
38338	697
42707	698
38250	699
40001	700
18912	701
41701	702
38394	703
8292	704
6550	705
38512	706
ElsaLanchester(Actor)	707
ElsaLanchester	708
20716	709
74576	710
169470	711
5261	712
39259	713
53263	714
19149	715
98114	716
28916	717
17410	718
174234	719
34432	720
39427	721
61810	722
31471	723
94475	724
20360	725
34274	726
177204	727
22297	728
63428	729
30598	730
16960	731
2274	732
41317	733
10336	734
2338	735
53197	736
93349	737
13855	738
2042	739
38576	740
14368	741
19656	742
61927	743
47332	744
54618	745
40935	746
42713	747
18780	748
10692	749
42230	750
9202a8c04000641f800000000012d8fa	751
TomCourtenay	752
113132	753
92512	754
54247	755
70134	756
91930	757
38982	758
74228	759
114228	760
4392	761
94391	762
173836	763
125941	764
17700	765
136030	766
197795	767
64560	768
17432	769
55450	770
70920	771
183968	772
71338	773
30832	774
TomCourtenay(Actor)	775
31707	776
MargaretColin	777
MargaretColin(Actor)	778
62913	779
1924	780
1848	781
46293	782
49012	783
1763	784
1253	785
57526	786
63987	787
95531	788
73	789
6852	790
3298	791
88430	792
96027	793
87924	794
80435	795
42133	796
127332	797
4756	798
37390	799
83508	800
128910	801
184537	802
15213	803
119763	804
9202a8c04000641f80000000001d8847	805
32500	806
ByronLong(Actor)	807
75102	808
75105	809
75108	810
75087	811
75096	812
75092	813
75093	814
75090	815
75094	816
75088	817
75091	818
75099	819
75103	820
75106	821
75089	822
75097	823
75104	824
75098	825
75107	826
75100	827
75095	828
75101	829
152809	830
152802	831
152805	832
152811	833
152810	834
152818	835
152819	836
152822	837
152812	838
152813	839
152808	840
152817	841
152816	842
152820	843
152803	844
152815	845
152801	846
152814	847
152806	848
152807	849
152804	850
152821	851
9202a8c04000641f800000000026d739	852
ByronLong	853
32648	854
12047	855
24490	856
63080	857
60878	858
56333	859
64477	860
54902	861
1531	862
62972	863
59061	864
62997	865
2473	866
61816	867
49130	868
121912	869
132536	870
127572	871
129624	872
127454	873
127422	874
21380	875
114399	876
125790	877
10267	878
124479	879
105895	880
68310	881
TomokazuSeki(Actor)	882
9202a8c04000641f800000000028c1a8	883
TomokazuSeki	884
33137	885
MauriceLaMarche(Actor)	886
9202a8c04000641f80000000002dddf0	887
9051	888
49090	889
51303	890
44641	891
58732	892
20143	893
2823	894
5345	895
6924	896
10705	897
49928	898
6435	899
1040	900
63352	901
39014	902
84209	903
1559	904
10643	905
41605	906
1652	907
4108	908
6195	909
20144	910
57845	911
19674	912
MauriceLaMarche	913
36966	914
77791	915
28709	916
89309	917
85285	918
149684	919
171205	920
169956	921
120193	922
127956	923
77497	924
80562	925
111174	926
145535	927
76814	928
100820	929
74259	930
58545	931
76487	932
7116	933
171204	934
136134	935
92543	936
121429	937
93828	938
61135	939
34577	940
9202a8c04000641f80000000003be85d	941
43959	942
22244	943
40313	944
64965	945
40312	946
40275	947
124550	948
178186	949
40276	950
119836	951
120141	952
48963	953
40281	954
39205	955
10004	956
5509	957
42370	958
1044	959
6563	960
15764	961
7238	962
57806	963
6025	964
57576	965
87493	966
60932	967
JamesNaughton	968
JamesNaughton(Actor)	969
36141	970
FrancisNg	971
FrancisNg(Actor)	972
50061	973
88474	974
60580	975
128183	976
107587	977
57193	978
57903	979
88060	980
122860	981
77142	982
131718	983
160521	984
65403	985
140336	986
83973	987
36053	988
58524	989
66281	990
129784	991
61076	992
115451	993
92016	994
41076	995
14139	996
19139	997
11547	998
59733	999
23695	1000
8731	1001
16513	1002
64450	1003
19963	1004
8548	1005
40637	1006
46460	1007
63495	1008
16976	1009
13144	1010
49795	1011
15021	1012
76933	1013
57086	1014
13700	1015
10853	1016
9202a8c04000641f80000000004d578b	1017
38225	1018
DanteBasco	1019
122675	1020
152327	1021
121760	1022
44873	1023
187452	1024
123155	1025
184389	1026
30620	1027
83942	1028
82695	1029
77341	1030
10502	1031
28513	1032
84005	1033
120534	1034
905	1035
58958	1036
5215	1037
41946	1038
45096	1039
47819	1040
59934	1041
46420	1042
58102	1043
94383	1044
11541	1045
1393	1046
96372	1047
59607	1048
DanteBasco(Actor)	1049
9202a8c04000641f8000000000646474	1050
38875	1051
JamesHong(Actor)	1052
67745	1053
4330	1054
47271	1055
72098	1056
113076	1057
133703	1058
53338	1059
108710	1060
42430	1061
114086	1062
84785	1063
169477	1064
76195	1065
174190	1066
21286	1067
103177	1068
178390	1069
182041	1070
114242	1071
46588	1072
186592	1073
284	1074
38069	1075
87571	1076
2933	1077
87891	1078
18940	1079
53144	1080
7150	1081
48683	1082
91405	1083
42553	1084
3162	1085
54426	1086
22495	1087
11392	1088
56456	1089
39946	1090
38232	1091
13832	1092
4180	1093
54637	1094
48681	1095
9202a8c04000641f80000000006b3a0f	1096
JamesHong	1097
12260	1098
39725	1099
73597	1100
3386	1101
41807	1102
2391	1103
16197	1104
1734	1105
7122	1106
45680	1107
3633	1108
1773	1109
1073	1110
38615	1111
43841	1112
44657	1113
2116	1114
TomHollander(Actor)	1115
TomHollander	1116
85137	1117
76021	1118
23395	1119
17353	1120
115310	1121
22859	1122
79066	1123
629	1124
83099	1125
76420	1126
90120	1127
3908	1128
85850	1129
22849	1130
149302	1131
59230	1132
9202a8c04000641f800000000072977e	1133
416	1134
FredC.Newmeyer	1135
66506	1136
44849	1137
25006	1138
66469	1139
16516	1140
55669	1141
24605	1142
45424	1143
209	1144
8672	1145
5711	1146
48957	1147
93242	1148
57112	1149
40871	1150
52376	1151
66749	1152
21577	1153
21167	1154
57862	1155
57373	1156
94441	1157
7007	1158
FredC.Newmeyer(Director)	1159
9202a8c04000641f8000000000b97495	1160
43265	1161
28494	1162
97710	1163
4223	1164
96920	1165
90388	1166
16535	1167
5665	1168
1151	1169
97598	1170
4944	1171
97580	1172
27993	1173
2233	1174
112467	1175
98848	1176
99365	1177
18647	1178
25257	1179
97468	1180
108901	1181
97513	1182
21553	1183
4928	1184
112511	1185
97677	1186
131763	1187
134717	1188
106569	1189
15485	1190
2977	1191
97992	1192
101674	1193
113342	1194
12082	1195
98467	1196
97823	1197
97181	1198
91877	1199
4237	1200
2837	1201
97199	1202
97377	1203
2643	1204
100710	1205
96986	1206
16429	1207
4226	1208
22374	1209
98998	1210
132033	1211
2850	1212
26675	1213
3432	1214
23120	1215
38255	1216
2940	1217
112831	1218
99072	1219
97463	1220
91417	1221
96992	1222
97867	1223
120532	1224
38303	1225
12295	1226
106575	1227
98388	1228
26321	1229
97068	1230
39632	1231
112911	1232
122855	1233
96848	1234
101962	1235
98344	1236
97279	1237
134773	1238
112203	1239
6389	1240
108900	1241
97494	1242
21685	1243
98730	1244
38233	1245
98604	1246
91764	1247
97406	1248
97400	1249
113311	1250
98182	1251
23126	1252
97446	1253
111280	1254
3029	1255
108926	1256
122850	1257
104800	1258
27568	1259
14559	1260
12792	1261
47951	1262
21264	1263
8920	1264
48646	1265
48396	1266
8503	1267
8089	1268
7219	1269
12329	1270
48813	1271
48207	1272
7447	1273
13355	1274
7242	1275
50637	1276
20740	1277
50542	1278
52946	1279
48811	1280
42678	1281
52996	1282
48320	1283
48538	1284
59726	1285
11148	1286
59730	1287
50107	1288
6930	1289
49378	1290
58100	1291
49290	1292
50551	1293
8426	1294
5467	1295
48418	1296
46878	1297
21521	1298
49833	1299
15555	1300
18931	1301
52243	1302
56788	1303
52970	1304
47207	1305
45412	1306
8086	1307
53444	1308
10872	1309
47442	1310
8115	1311
48536	1312
13585	1313
48310	1314
17852	1315
49298	1316
49380	1317
9039	1318
48691	1319
47369	1320
8912	1321
9056	1322
18684	1323
8533	1324
49586	1325
11941	1326
48529	1327
19611	1328
57025	1329
8721	1330
42140	1331
11371	1332
46728	1333
6708	1334
42051	1335
53089	1336
49734	1337
44042	1338
48527	1339
49558	1340
44040	1341
52581	1342
23798	1343
1826	1344
48047	1345
19416	1346
44818	1347
7970	1348
48067	1349
50248	1350
10513	1351
8442	1352
7969	1353
11020	1354
53419	1355
18667	1356
52489	1357
48775	1358
8994	1359
9202a8c04000641f80000000009cdb83	1360
PrakashRaj(Actor)	1361
PrakashRaj	1362
52869	1363
SaraBerner	1364
145337	1365
197575	1366
149931	1367
168659	1368
141962	1369
147548	1370
145366	1371
145202	1372
145694	1373
145237	1374
145767	1375
149944	1376
SaraBerner(Actor)	1377
9202a8c04000641f8000000006b4f1f3	1378
44517	1379
38388	1380
43693	1381
50896	1382
83088	1383
48308	1384
12950	1385
1288	1386
14907	1387
12394	1388
40943	1389
15323	1390
62725	1391
9202a8c04000641f800000000b91415f	1392
RodDaily	1393
RodDaily(Actor)	1394
83479	1395
83452	1396
78626	1397
73676	1398
75057	1399
84979	1400
81274	1401
97147	1402
86296	1403
82265	1404
75121	1405
85082	1406
73677	1407
97520	1408
81918	1409
83968	1410
82264	1411
158778	1412
171445	1413
158783	1414
161551	1415
158782	1416
168338	1417
168400	1418
170153	1419
173697	1420
169257	1421
165873	1422
168416	1423
173723	1424
189411	1425
188409	1426
158784	1427
170221	1428
67878	1429
DevynFoster(Actor)	1430
DevynFoster	1431
190517	1432
190522	1433
190521	1434
190519	1435
190527	1436
190508	1437
190515	1438
190516	1439
190518	1440
190513	1441
190514	1442
190520	1443
190528	1444
190524	1445
190525	1446
190526	1447
190523	1448
190534	1449
86571	1450
86572	1451
86568	1452
86574	1453
81568	1454
92131	1455
91044	1456
86660	1457
86573	1458
89760	1459
86231	1460
86575	1461
86219	1462
89937	1463
81675	1464
86336	1465
83551	1466
86333	1467
9202a8c04000641f8000000012ca2cfe	1468
22494	1469
8669	1470
45707	1471
4901	1472
46161	1473
46058	1474
15228	1475
23877	1476
85702	1477
39853	1478
43099	1479
49262	1480
43047	1481
64122	1482
RingoLam(Director)	1483
9202a8c04000641f80000000000ac6c9	1484
RingoLam	1485
1338	1486
5782	1487
31	1488
70819	1489
135199	1490
37782	1491
19249	1492
716	1493
27085	1494
27088	1495
119395	1496
27087	1497
27089	1498
186775	1499
27086	1500
5683	1501
34294	1502
33729	1503
31772	1504
36188	1505
32175	1506
Soldier	1507
7073	1508
77	1509
99	1510
1998-10-23	1511
9202a8c04000641f8000000000333908	1512
alias?type=imdbid&s=0120157	1513
tt0120157	1514
Soldier_(film)	1515
16216	1516
11454	1517
3482	1518
4492	1519
12796	1520
4491	1521
612	1522
16986	1523
AnythingGoes	1524
Anything_Goes_(film)	1525
147317	1526
7483	1527
26016	1528
75652	1529
44549	1530
5972	1531
16079	1532
14754	1533
14938	1534
8590	1535
tt0048954	1536
alias?type=imdbid&s=0048954	1537
9202a8c04000641f80000000056c9d19	1538
11463	1539
1936-01-24	1540
92	1541
91023	1542
91024	1543
61682	1544
91025	1545
3033	1546
49568	1547
31945	1548
33542	1549
30204	1550
32395	1551
9	1552
5826	1553
9794	1554
44555	1555
2003	1556
3493	1557
IN	1558
38848	1559
38110	1560
32234	1561
35203	1562
48792	1563
39854	1564
41757	1565
33140	1566
49768	1567
36969	1568
40768	1569
37687	1570
35202	1571
34357	1572
34656	1573
34655	1574
35028	1575
38898	1576
35616	1577
37055	1578
31866	1579
41401	1580
684	1581
3011	1582
1723	1583
9202a8c04000641f80000000008dd9e3	1584
5941	1585
3418	1586
LOCKargil	1587
82709	1588
85656	1589
18195	1590
87999	1591
84668	1592
88253	1593
77447	1594
18190	1595
80267	1596
88214	1597
80354	1598
65578	1599
84248	1600
192316	1601
18188	1602
18191	1603
107344	1604
18194	1605
76264	1606
18193	1607
18189	1608
18192	1609
5926	1610
1269750	1611
49	1612
270	1613
43	1614
Chang	1615
alias?type=imdbid&s=0017743	1616
9202a8c04000641f80000000000560b5	1617
tt0017743	1618
1927,1927-04-29	1619
70238	1620
133988	1621
18034	1622
40	1623
64	1624
14503	1625
4642	1626
37	1627
198	1628
5089	1629
17201	1630
5356	1631
2426	1632
20959	1633
39492	1634
62028	1635
138363	1636
91	1637
1946	1638
465	1639
33879	1640
33877	1641
33878	1642
TheOverlanders	1643
7704	1644
7703	1645
40417	1646
2486	1647
13995	1648
AU	1649
10678	1650
2117	1651
2077456	1652
4984	1653
alias?type=imdbid&s=0038821	1654
9202a8c04000641f8000000000942ce9	1655
tt0038821	1656
1456	1657
The_Overlanders_(film)	1658
7327	1659
14418	1660
MackV.Wright(Director)	1661
MackV.Wright	1662
45182	1663
24459	1664
19433	1665
21357	1666
24460	1667
24940	1668
25028	1669
25030	1670
19751	1671
11164	1672
19747	1673
19259	1674
19744	1675
24448	1676
11165	1677
9202a8c04000641f8000000005b5f33c	1678
30423	1679
RowanAtkinson(Actor)	1680
32909	1681
16031	1682
25634	1683
49737	1684
11653	1685
41087	1686
115590	1687
107500	1688
23991	1689
57702	1690
41088	1691
14365	1692
191309	1693
3785	1694
43952	1695
108617	1696
16484	1697
18468	1698
RowanAtkinson	1699
9202a8c04000641f800000000011db88	1700
39079	1701
39545	1702
1849	1703
39279	1704
4748	1705
43940	1706
39334	1707
2382	1708
1254	1709
40703	1710
900	1711
38094	1712
45913	1713
44347	1714
39533	1715
38496	1716
7069	1717
10072	1718
47032	1719
91100	1720
45160	1721
184656	1722
83567	1723
184809	1724
134547	1725
75295	1726
198141	1727
67713	1728
115382	1729
146941	1730
114368	1731
95572	1732
13716	1733
20724	1734
70465	1735
95541	1736
53299	1737
17222	1738
47737	1739
53825	1740
98212	1741
54847	1742
11393	1743
ColumbusShort	1744
9202a8c04000641f8000000000d56ae3	1745
ColumbusShort(Actor)	1746
47469	1747
AliceBraga	1748
59117	1749
123172	1750
91784	1751
108924	1752
70346	1753
18592	1754
187510	1755
186417	1756
137673	1757
159886	1758
79634	1759
85196	1760
59947	1761
18729	1762
23446	1763
944	1764
96426	1765
67438	1766
10791	1767
83977	1768
7756	1769
8961	1770
18644	1771
19258	1772
9202a8c04000641f8000000000dc5776	1773
AliceBraga(Actor)	1774
8424	1775
JamesCameron(Director)	1776
JamesCameron	1777
9202a8c04000641f800000000001fdcc	1778
72	1779
38211	1780
40972	1781
17780	1782
42629	1783
46687	1784
556	1785
4786	1786
5622	1787
4673	1788
