2148
0	1	0
2	0	1
3	0	1
0	4	2
0	5	3
0	6	4
0	7	5
0	8	5
0	9	5
0	10	5
0	11	5
0	12	5
0	13	5
0	14	5
0	15	5
0	16	5
0	17	5
0	18	5
0	19	5
0	20	6
0	21	7
0	22	8
0	23	9
0	24	9
0	25	9
0	26	9
0	27	9
0	28	9
0	29	9
0	30	9
0	31	9
0	32	9
0	33	9
0	34	9
0	35	9
0	36	10
0	20	11
0	21	12
0	37	13
0	38	14
37	0	15
0	39	16
40	41	5
40	42	5
40	43	5
40	44	5
40	45	5
40	46	5
40	47	6
40	48	17
49	40	1
50	40	1
51	40	1
52	40	1
53	40	1
40	54	9
40	55	9
40	56	9
40	57	9
40	58	9
40	59	9
40	60	18
40	36	10
40	61	7
40	47	11
40	61	12
40	47	19
40	1	0
40	62	20
40	63	8
40	4	2
64	65	13
64	66	11
64	67	19
64	4	2
64	68	21
64	36	10
64	66	6
64	69	5
64	70	5
64	71	5
64	72	5
64	73	9
64	74	9
64	75	9
64	76	9
64	68	22
64	1	0
77	64	1
78	64	1
79	64	1
80	64	1
81	64	1
65	64	15
64	82	4
64	83	4
64	84	8
85	86	20
85	87	17
85	88	4
85	89	22
85	90	18
85	1	0
91	85	15
85	92	23
85	93	9
85	94	9
85	95	9
85	96	9
85	97	9
85	98	9
85	99	9
85	100	9
85	101	11
85	4	2
85	102	5
85	103	5
85	104	5
85	105	5
85	106	5
85	107	5
85	108	5
85	109	5
92	85	24
85	89	21
85	110	19
85	111	8
85	91	13
112	85	23
85	36	10
85	101	6
85	112	24
113	85	1
114	85	1
115	85	1
116	85	1
117	85	1
118	4	2
118	1	0
118	119	17
118	120	5
118	121	5
118	122	5
118	123	5
118	124	13
118	125	13
126	118	1
127	118	1
118	128	20
118	129	24
118	130	21
118	131	11
129	118	23
118	132	4
118	133	4
118	134	4
118	135	4
118	136	4
118	137	4
138	118	25
118	139	8
118	140	8
118	141	8
118	142	14
118	143	14
118	144	14
118	145	14
118	146	14
118	36	10
125	118	15
124	118	15
118	131	6
118	147	9
118	148	9
118	149	9
118	150	9
118	130	22
151	152	20
151	153	14
151	154	22
151	155	11
151	156	9
151	157	9
151	158	9
151	159	9
151	160	9
151	161	9
151	162	9
151	163	19
151	164	0
151	1	0
151	4	2
151	165	17
151	166	8
151	167	8
151	168	8
169	151	1
170	151	1
171	151	1
172	151	1
173	151	1
174	151	1
175	151	1
151	176	13
151	177	13
151	178	5
151	179	5
151	180	5
151	181	5
151	182	5
151	183	5
151	184	5
151	185	26
151	186	27
151	187	28
151	185	29
151	155	6
177	151	15
176	151	15
151	154	21
151	188	4
189	151	25
151	36	10
151	190	30
151	191	30
192	193	13
194	192	25
192	195	9
192	196	9
192	197	9
192	198	9
192	199	9
192	200	9
192	201	22
192	202	5
192	203	5
192	204	5
192	205	5
192	206	5
192	207	5
192	208	30
192	209	4
192	210	4
192	211	18
192	212	18
192	1	0
192	213	31
192	214	17
192	215	8
192	216	8
192	217	8
192	218	6
219	192	1
192	201	21
192	4	2
192	36	10
193	192	15
192	152	20
192	220	32
192	218	11
221	1	0
221	164	0
221	222	19
221	223	28
221	224	6
221	225	17
221	36	10
221	226	22
221	224	11
221	227	4
221	39	16
221	4	2
228	221	15
229	221	15
221	230	27
221	231	14
221	232	14
221	233	14
221	234	8
221	235	8
221	236	8
237	221	1
238	221	1
239	221	1
240	221	1
241	221	1
242	221	1
221	243	20
221	244	5
221	245	5
221	246	5
221	247	5
221	226	21
221	248	9
221	249	9
221	250	9
221	251	9
221	229	13
221	228	13
252	253	25
253	254	4
253	255	4
253	256	22
253	257	8
253	258	11
253	259	29
253	259	26
253	260	9
253	261	9
253	262	9
253	4	2
253	36	10
253	256	21
253	258	6
253	263	30
253	264	13
264	253	15
253	265	14
253	266	5
253	267	5
253	268	5
269	4	2
270	269	15
269	271	9
269	272	9
269	273	9
269	274	9
269	275	9
269	276	30
269	277	18
269	278	4
269	279	6
269	280	22
269	36	10
269	279	11
269	281	14
269	282	14
269	270	13
269	280	21
269	283	5
269	284	5
269	285	5
269	286	5
269	287	5
269	288	8
289	290	33
289	291	14
289	292	14
293	289	15
289	294	3
289	295	11
289	296	21
289	297	9
289	298	9
289	299	9
289	300	9
289	301	9
289	36	10
289	302	18
289	293	13
289	303	8
304	289	25
289	305	5
289	306	5
289	307	5
289	308	5
289	309	5
289	296	22
289	4	2
289	299	30
289	295	6
289	294	34
310	311	24
311	312	22
311	312	21
311	313	6
311	314	14
311	315	14
311	316	30
317	311	1
311	318	17
311	319	0
311	320	9
311	321	9
311	322	9
311	323	9
311	324	9
311	325	9
311	326	9
311	327	9
311	328	9
311	329	9
311	4	2
311	330	24
311	310	23
311	331	5
311	332	5
311	333	5
311	334	5
311	335	5
311	336	5
311	337	5
311	338	5
311	339	5
311	340	5
330	311	23
311	341	20
311	313	11
311	342	8
311	36	10
343	344	13
343	345	13
343	346	21
347	343	1
348	343	1
349	343	1
350	343	1
343	351	23
351	343	24
343	1	0
343	346	22
343	352	8
343	353	8
343	354	8
343	355	31
343	356	19
343	357	11
358	343	23
343	359	14
344	343	15
345	343	15
360	343	25
343	358	24
343	4	2
343	361	9
343	362	9
343	363	9
343	364	9
343	365	9
343	36	10
343	357	6
343	366	4
343	367	20
343	368	5
343	369	5
343	370	5
343	371	5
343	372	5
343	373	17
374	319	0
375	374	1
376	374	1
374	377	27
374	378	14
374	326	14
374	379	22
374	380	28
381	374	15
374	382	9
374	383	9
374	384	9
374	385	9
374	386	11
374	387	8
374	388	8
374	389	8
374	36	10
374	390	4
374	391	4
374	381	13
374	392	17
374	379	21
374	393	30
374	4	2
374	394	32
374	395	20
374	396	5
374	397	5
374	398	5
374	399	5
374	386	6
400	401	22
402	400	1
403	400	1
404	400	1
405	400	1
406	400	1
407	400	1
400	408	6
400	408	11
400	4	2
400	409	30
400	410	35
400	411	9
400	412	9
400	413	9
400	414	9
400	415	9
400	416	9
400	417	9
400	418	5
400	419	5
400	420	5
400	421	5
400	422	5
400	423	5
400	424	5
400	425	16
426	400	25
400	427	13
400	428	19
400	429	4
400	401	21
400	430	32
400	36	10
400	431	14
400	432	14
400	1	0
427	400	15
400	433	20
400	434	8
400	435	8
400	436	8
400	437	26
400	438	18
400	439	18
400	440	17
400	437	29
441	1	0
441	4	2
441	442	14
441	443	22
441	36	10
441	444	9
441	445	9
441	446	9
441	447	11
441	443	21
441	447	6
441	448	8
441	449	8
441	450	8
441	451	4
452	441	15
441	453	5
441	454	5
441	455	5
456	441	1
457	441	1
458	441	1
459	441	1
441	460	19
441	452	13
461	462	9
461	463	9
461	464	9
461	465	9
461	466	9
461	467	9
461	468	9
461	36	10
461	469	13
461	470	6
461	471	5
461	472	5
461	473	5
461	474	5
461	475	5
461	476	5
461	477	5
461	478	31
461	479	31
461	470	11
461	480	22
469	461	15
461	480	21
461	4	2
461	481	8
482	483	24
484	482	15
482	1	0
482	485	21
482	485	22
482	486	17
482	487	11
482	484	13
482	488	8
482	489	8
482	490	8
482	491	20
482	492	14
483	482	24
482	493	9
482	494	9
482	495	9
482	496	9
482	497	9
482	498	9
483	482	23
499	482	1
482	36	10
482	355	16
482	39	16
482	483	23
482	487	6
482	500	5
482	501	5
482	502	5
482	503	5
482	504	5
482	505	5
482	4	2
506	507	11
506	1	0
506	508	8
506	509	8
506	510	8
506	187	28
506	511	9
506	512	9
506	513	9
506	514	9
506	515	9
506	516	13
506	517	5
506	518	5
506	519	5
506	520	5
506	521	5
506	36	10
506	4	2
516	506	15
506	522	32
506	523	14
506	524	4
506	186	27
506	507	6
506	525	18
526	506	1
527	506	1
528	506	1
529	506	25
530	531	5
530	532	5
530	533	5
534	530	15
530	1	0
535	530	1
536	530	1
530	537	20
530	538	18
530	539	4
530	540	4
530	541	4
530	534	13
530	542	16
530	543	14
530	544	14
530	545	14
530	546	14
530	547	8
530	548	8
530	549	8
530	4	2
530	550	30
530	551	30
530	552	11
530	553	32
530	554	21
530	36	10
530	555	17
530	554	22
530	556	9
530	557	9
530	558	9
530	552	6
559	530	25
560	4	36
560	561	15
560	562	15
560	563	15
560	564	15
560	565	15
560	566	15
560	567	15
560	568	15
560	569	15
560	570	15
560	571	15
560	572	15
560	573	15
560	574	15
560	575	15
560	576	15
560	577	15
560	578	15
560	579	15
560	580	15
560	581	10
560	582	10
560	583	8
560	584	6
564	560	13
567	560	13
575	560	13
574	560	13
569	560	13
579	560	13
573	560	13
576	560	13
578	560	13
566	560	13
577	560	13
561	560	13
580	560	13
570	560	13
572	560	13
568	560	13
563	560	13
562	560	13
571	560	13
565	560	13
560	585	37
586	581	10
586	582	10
587	586	13
588	586	13
589	586	13
590	586	13
591	586	13
592	586	13
593	586	13
594	586	13
595	586	13
596	586	13
597	586	13
598	586	13
599	586	13
600	586	13
601	586	13
602	586	13
603	586	13
604	586	13
605	586	13
606	586	13
607	586	13
586	4	36
586	608	6
586	609	37
586	610	8
586	601	15
586	598	15
586	593	15
586	606	15
586	594	15
586	599	15
586	605	15
586	588	15
586	607	15
586	589	15
586	591	15
586	592	15
586	590	15
586	587	15
586	602	15
586	597	15
586	596	15
586	595	15
586	604	15
586	600	15
586	603	15
611	612	8
611	613	6
611	614	38
611	4	39
611	615	40
611	614	41
611	616	9
611	617	9
611	618	9
611	619	9
611	620	9
611	621	9
611	622	9
611	623	9
611	624	9
611	625	9
611	626	9
611	627	9
611	628	9
611	629	9
611	630	9
611	631	9
611	632	9
611	633	9
611	634	9
611	635	9
611	636	9
611	637	9
611	638	9
611	639	9
611	640	9
611	641	9
611	642	9
611	643	9
611	644	9
611	645	9
611	646	9
611	647	9
611	648	9
611	649	9
611	650	9
611	581	10
611	651	10
652	611	5
653	611	5
654	611	5
655	611	5
656	611	5
657	611	5
658	611	5
659	611	5
660	611	5
661	611	5
662	611	5
39	611	5
663	611	5
664	611	5
665	611	5
666	611	5
667	611	5
668	611	5
669	611	5
670	611	5
671	611	5
672	611	5
673	611	5
45	611	5
674	611	5
675	611	5
676	611	5
677	611	5
678	611	5
679	611	5
680	611	5
681	611	5
682	611	5
683	611	5
684	614	41
684	685	8
686	684	5
687	684	5
688	684	5
689	684	5
690	684	5
691	684	5
692	684	5
693	684	5
694	684	5
695	684	5
696	684	5
697	684	5
698	684	5
699	684	5
700	684	5
701	684	5
702	684	5
703	684	5
704	684	5
705	684	5
706	684	5
684	707	6
684	651	10
684	581	10
684	708	40
684	709	9
684	710	9
684	711	9
684	712	9
684	713	9
684	714	9
684	715	9
684	716	9
684	717	9
684	718	9
684	719	9
684	720	9
684	721	9
684	722	9
684	723	9
684	724	9
684	725	9
684	726	9
684	727	9
684	728	9
684	729	9
684	4	39
684	614	38
730	4	39
731	730	5
732	730	5
733	730	5
734	730	5
735	730	5
736	730	5
737	730	5
738	730	5
739	730	5
740	730	5
741	730	5
742	730	5
743	730	5
744	730	5
745	730	5
746	730	5
747	730	5
748	730	5
749	730	5
750	730	5
730	614	38
730	581	10
730	651	10
730	614	41
730	751	8
730	752	40
730	753	9
730	754	9
730	755	9
730	756	9
730	757	9
730	758	9
730	759	9
730	760	9
730	761	9
730	762	9
730	763	9
730	764	9
730	765	9
730	766	9
730	767	9
730	768	9
730	769	9
730	770	9
730	771	9
730	772	9
730	773	9
730	774	9
730	775	6
776	4	39
776	651	10
776	581	10
776	777	40
776	614	41
776	778	6
779	776	5
780	776	5
781	776	5
782	776	5
783	776	5
784	776	5
785	776	5
786	776	5
787	776	5
788	776	5
789	776	5
790	776	5
791	776	5
776	792	9
776	793	9
776	794	9
776	795	9
776	796	9
776	797	9
776	798	9
776	799	9
776	800	9
776	801	9
776	802	9
776	803	9
776	804	9
776	614	38
776	805	8
806	807	6
808	806	5
809	806	5
810	806	5
811	806	5
812	806	5
813	806	5
814	806	5
815	806	5
816	806	5
817	806	5
818	806	5
819	806	5
820	806	5
821	806	5
822	806	5
823	806	5
824	806	5
825	806	5
826	806	5
827	806	5
828	806	5
829	806	5
806	4	39
806	830	9
806	831	9
806	832	9
806	833	9
806	834	9
806	835	9
806	836	9
806	837	9
806	838	9
806	839	9
806	840	9
806	841	9
806	842	9
806	843	9
806	844	9
806	845	9
806	846	9
806	847	9
806	848	9
806	849	9
806	850	9
806	851	9
806	852	8
806	614	38
806	853	40
806	581	10
806	651	10
806	614	41
854	4	39
855	854	5
856	854	5
857	854	5
858	854	5
859	854	5
860	854	5
861	854	5
862	854	5
863	854	5
864	854	5
865	854	5
866	854	5
867	854	5
868	854	5
854	869	9
854	870	9
854	871	9
854	872	9
854	873	9
854	874	9
854	875	9
854	876	9
854	877	9
854	878	9
854	879	9
854	880	9
854	881	9
854	651	10
854	581	10
854	614	41
854	882	6
854	883	8
854	884	40
854	614	38
885	614	41
885	651	10
885	581	10
885	4	39
885	886	6
885	887	8
888	885	5
889	885	5
890	885	5
891	885	5
892	885	5
893	885	5
894	885	5
895	885	5
896	885	5
897	885	5
898	885	5
899	885	5
197	885	5
900	885	5
901	885	5
902	885	5
903	885	5
904	885	5
905	885	5
906	885	5
907	885	5
908	885	5
909	885	5
910	885	5
911	885	5
912	885	5
885	913	40
885	914	9
885	915	9
885	916	9
885	917	9
885	918	9
885	919	9
885	920	9
885	921	9
885	922	9
885	923	9
885	924	9
885	925	9
885	926	9
885	927	9
885	928	9
885	929	9
885	930	9
885	931	9
885	932	9
885	933	9
885	934	9
885	935	9
885	936	9
885	937	9
885	938	9
885	939	9
885	614	38
940	651	10
940	581	10
940	4	39
940	614	38
940	941	8
940	614	41
940	942	9
940	943	9
940	944	9
940	945	9
940	946	9
940	947	9
940	948	9
940	949	9
940	950	9
940	951	9
940	952	9
940	953	9
940	954	9
955	940	5
956	940	5
957	940	5
958	940	5
959	940	5
960	940	5
961	940	5
962	940	5
963	940	5
964	940	5
965	940	5
966	940	5
967	940	5
940	968	40
940	969	6
970	4	39
970	614	38
970	971	40
970	972	6
970	973	9
970	974	9
970	975	9
970	976	9
970	977	9
970	978	9
970	979	9
970	980	9
970	981	9
970	982	9
970	983	9
970	984	9
970	985	9
970	986	9
970	987	9
970	988	9
970	989	9
970	990	9
970	991	9
970	992	9
970	993	9
970	994	9
995	970	5
996	970	5
997	970	5
998	970	5
999	970	5
1000	970	5
1001	970	5
1002	970	5
1003	970	5
1004	970	5
1005	970	5
1006	970	5
1007	970	5
1008	970	5
1009	970	5
1010	970	5
1011	970	5
1012	970	5
1013	970	5
1014	970	5
1015	970	5
1016	970	5
970	1017	8
970	581	10
970	651	10
970	614	41
1018	1019	40
1018	614	38
1018	1020	9
1018	1021	9
1018	1022	9
1018	1023	9
1018	1024	9
1018	1025	9
1018	1026	9
1018	1027	9
1018	1028	9
1018	1029	9
1018	1030	9
1018	1031	9
1018	1032	9
1018	1033	9
1018	1034	9
1035	1018	5
1036	1018	5
1037	1018	5
1038	1018	5
1039	1018	5
1040	1018	5
1041	1018	5
1042	1018	5
1043	1018	5
1044	1018	5
1045	1018	5
1046	1018	5
1047	1018	5
1048	1018	5
1018	1049	6
1018	4	39
1018	614	41
1018	581	10
1018	651	10
1018	1050	8
1051	1052	6
1051	614	41
1051	1053	9
1051	1054	9
1051	1055	9
1051	1056	9
1051	1057	9
1051	1058	9
1051	1059	9
1051	1060	9
1051	1061	9
1051	1062	9
1051	1063	9
1051	1064	9
1051	1065	9
1051	1066	9
1051	1067	9
1051	1068	9
1051	1069	9
1051	1070	9
1051	1071	9
1051	1072	9
1051	1073	9
1051	614	38
1074	1051	5
1075	1051	5
1076	1051	5
1077	1051	5
1078	1051	5
1079	1051	5
1080	1051	5
1081	1051	5
1082	1051	5
1083	1051	5
1084	1051	5
1085	1051	5
1086	1051	5
1087	1051	5
1088	1051	5
1089	1051	5
1090	1051	5
1091	1051	5
1092	1051	5
1093	1051	5
1094	1051	5
1095	1051	5
1051	1096	8
1051	581	10
1051	651	10
1051	1097	40
1051	4	39
1098	1099	5
1100	1099	5
1101	1099	5
1102	1099	5
1103	1099	5
1104	1099	5
1105	1099	5
1106	1099	5
1107	1099	5
1108	1099	5
1109	1099	5
1110	1099	5
1111	1099	5
1112	1099	5
1113	1099	5
1114	1099	5
1099	614	38
1099	1115	6
1099	4	39
1099	1116	40
1099	651	10
1099	581	10
1099	1117	9
1099	1118	9
1099	1119	9
1099	1120	9
1099	1121	9
1099	1122	9
1099	1123	9
1099	1124	9
1099	1125	9
1099	1126	9
1099	1127	9
1099	1128	9
1099	1129	9
1099	1130	9
1099	1131	9
1099	1132	9
1099	1133	8
1099	614	41
1134	1135	37
1134	4	36
1136	1134	13
1137	1134	13
1138	1134	13
1139	1134	13
1140	1134	13
1141	1134	13
1142	1134	13
1143	1134	13
1144	1134	13
1145	1134	13
1146	1134	13
1147	1134	13
1148	1134	13
1149	1134	13
1150	1134	13
1151	1134	13
1152	1134	13
1153	1134	13
1154	1134	13
1155	1134	13
1156	1134	13
1157	1134	13
1158	1134	13
1134	1159	6
1134	581	10
1134	582	10
1134	1160	8
1134	1147	15
1134	1146	15
1134	1137	15
1134	1143	15
1134	1151	15
1134	1155	15
1134	1139	15
1134	1152	15
1134	1144	15
1134	1148	15
1134	1158	15
1134	1138	15
1134	1154	15
1134	1149	15
1134	1156	15
1134	1140	15
1134	1141	15
1134	1145	15
1134	1136	15
1134	1157	15
1134	1150	15
1134	1142	15
1134	1153	15
1161	614	38
1161	1162	9
1161	1163	9
1161	1164	9
1161	1165	9
1161	1166	9
1161	1167	9
1161	1168	9
1161	1169	9
1161	1170	9
1161	1171	9
1161	1172	9
1161	1173	9
1161	1174	9
1161	1175	9
1161	1176	9
1161	1177	9
1161	1178	9
1161	866	9
1161	1179	9
1161	1180	9
1161	1181	9
1161	1182	9
1161	1183	9
1161	1184	9
1161	1185	9
1161	1186	9
1161	1187	9
1161	1188	9
1161	1189	9
1161	1190	9
1161	1191	9
1161	1192	9
1161	1193	9
1161	1194	9
1161	1195	9
1161	1196	9
1161	1197	9
1161	1198	9
1161	1199	9
1161	1200	9
1161	1201	9
1161	1202	9
1161	1203	9
1161	1204	9
1161	1205	9
1161	1206	9
1161	1207	9
1161	1208	9
1161	1209	9
1161	1210	9
1161	1211	9
1161	1212	9
1161	1213	9
1161	1214	9
1161	1215	9
1161	1216	9
1161	1217	9
1161	1218	9
1161	1219	9
1161	1220	9
1161	1221	9
1161	1222	9
1161	1223	9
1161	1224	9
1161	1225	9
1161	1226	9
1161	1227	9
1161	1228	9
1161	1229	9
1161	1230	9
1161	1231	9
1161	1232	9
1161	1233	9
1161	1234	9
1161	1235	9
1161	1236	9
1161	1237	9
1161	1238	9
1161	1239	9
1161	1240	9
1161	1241	9
1161	1242	9
1161	1243	9
1161	1018	9
1161	1244	9
1161	1245	9
1161	1246	9
1161	1247	9
1161	1248	9
1161	1249	9
1161	1250	9
1161	1251	9
1161	1252	9
1161	1253	9
1161	1254	9
1161	1255	9
1161	1256	9
1161	1257	9
1161	1258	9
1161	1259	9
1161	614	41
1260	1161	5
1261	1161	5
1262	1161	5
1263	1161	5
1264	1161	5
1265	1161	5
1266	1161	5
1267	1161	5
1268	1161	5
1269	1161	5
1270	1161	5
1271	1161	5
1272	1161	5
1273	1161	5
1274	1161	5
1275	1161	5
1276	1161	5
1277	1161	5
1278	1161	5
1279	1161	5
1280	1161	5
1281	1161	5
1282	1161	5
1283	1161	5
1284	1161	5
1285	1161	5
1286	1161	5
1287	1161	5
1288	1161	5
1289	1161	5
1290	1161	5
1291	1161	5
1292	1161	5
1293	1161	5
1294	1161	5
1295	1161	5
1296	1161	5
1297	1161	5
1298	1161	5
1299	1161	5
1300	1161	5
1301	1161	5
1302	1161	5
1303	1161	5
1304	1161	5
1305	1161	5
1306	1161	5
1307	1161	5
1308	1161	5
1309	1161	5
1310	1161	5
1311	1161	5
1312	1161	5
1313	1161	5
1314	1161	5
1315	1161	5
1316	1161	5
1317	1161	5
1318	1161	5
1319	1161	5
1320	1161	5
1321	1161	5
1322	1161	5
1323	1161	5
1324	1161	5
1325	1161	5
1326	1161	5
1327	1161	5
1328	1161	5
1329	1161	5
1330	1161	5
1331	1161	5
1332	1161	5
1333	1161	5
1334	1161	5
1335	1161	5
1336	1161	5
1337	1161	5
1338	1161	5
1339	1161	5
1340	1161	5
1341	1161	5
1342	1161	5
1343	1161	5
1344	1161	5
1345	1161	5
1346	1161	5
1347	1161	5
1348	1161	5
1349	1161	5
1350	1161	5
1351	1161	5
1352	1161	5
1353	1161	5
1354	1161	5
1355	1161	5
1356	1161	5
1357	1161	5
1358	1161	5
1359	1161	5
1161	1360	8
1161	1361	6
1161	581	10
1161	651	10
1161	4	39
1161	1362	40
1363	651	10
1363	581	10
1363	4	39
1363	1364	40
1363	1365	9
1363	1366	9
1363	1367	9
1363	1368	9
1363	1369	9
1363	1370	9
1363	1371	9
1363	1372	9
1363	1373	9
1363	1374	9
1363	1375	9
1363	1376	9
1363	1377	6
1363	1378	8
1363	614	38
1379	1363	5
1380	1363	5
1381	1363	5
1382	1363	5
1383	1363	5
1384	1363	5
1385	1363	5
1386	1363	5
1387	1363	5
1388	1363	5
1389	1363	5
1390	1363	5
1363	614	41
1391	614	41
1391	1392	8
1391	614	38
1391	1393	40
1391	1394	6
1391	4	39
1395	1391	5
1396	1391	5
1397	1391	5
1398	1391	5
1399	1391	5
1400	1391	5
1401	1391	5
1402	1391	5
1403	1391	5
1404	1391	5
1405	1391	5
1406	1391	5
1407	1391	5
1408	1391	5
1409	1391	5
1410	1391	5
1411	1391	5
1391	1412	9
1391	1413	9
1391	1414	9
1391	1415	9
1391	1416	9
1391	1417	9
1391	1418	9
1391	1419	9
1391	1420	9
1391	1421	9
1391	1422	9
1391	1423	9
1391	1424	9
1391	1425	9
1391	1426	9
1391	1427	9
1391	1428	9
1391	581	10
1391	651	10
1429	4	39
1429	1430	6
1429	1431	40
1429	1432	9
1429	1433	9
1429	1434	9
1429	1435	9
1429	1436	9
1429	1437	9
1429	1438	9
1429	1439	9
1429	1440	9
1429	1441	9
1429	1442	9
1429	1443	9
1429	1444	9
1429	1445	9
1429	1446	9
1429	1447	9
1429	1448	9
1429	1449	9
1450	1429	5
1451	1429	5
1452	1429	5
1453	1429	5
1454	1429	5
1455	1429	5
1456	1429	5
1457	1429	5
1458	1429	5
1459	1429	5
1460	1429	5
1461	1429	5
1462	1429	5
1463	1429	5
1464	1429	5
1465	1429	5
1466	1429	5
1467	1429	5
1429	1468	8
1429	581	10
1429	651	10
1429	614	38
1429	614	41
1469	1470	13
1471	1470	13
1472	1470	13
1473	1470	13
60	1470	13
1003	1470	13
1474	1470	13
1475	1470	13
1476	1470	13
1477	1470	13
1478	1470	13
1479	1470	13
1480	1470	13
1481	1470	13
1482	1470	13
1470	1483	6
1470	1482	15
1470	1469	15
1470	1471	15
1470	60	15
1470	1479	15
1470	1477	15
1470	1476	15
1470	1480	15
1470	1003	15
1470	1474	15
1470	1473	15
1470	1472	15
1470	1478	15
1470	1481	15
1470	1475	15
1470	4	36
1470	1484	8
1470	581	10
1470	582	10
1470	1485	37
1486	61	7
1486	1487	17
1486	1488	16
1489	1486	1
1490	1486	1
1491	1486	1
1492	1486	1
1493	1486	1
1486	1494	9
1486	1495	9
1486	1496	9
1486	1497	9
1486	1498	9
1486	1499	9
1486	1500	9
1486	1501	30
1486	1502	5
1486	1503	5
1486	501	5
1486	1504	5
1486	105	5
1486	1505	5
1486	1506	5
1486	1507	6
1486	61	12
1508	1486	25
1486	1509	13
1486	36	10
1486	1	0
1486	1510	20
1486	1511	21
1486	1512	8
1486	1513	8
1486	1514	8
1486	1515	19
1486	1516	14
1509	1486	15
1486	1517	4
1486	1518	4
1486	1519	4
1486	1520	4
1486	1521	4
1486	1522	4
1486	1511	22
1486	1507	11
1486	4	2
1523	4	2
1523	1524	11
1523	1525	19
1526	1523	1
1527	1523	1
1528	1523	1
1529	1523	1
1530	1523	1
1531	1523	25
1523	39	3
1523	1532	14
1523	1533	14
1523	1534	14
1523	1535	13
1523	1536	8
1523	1537	8
1523	1538	8
1523	1524	6
1523	1539	4
1523	1540	22
1523	36	10
1523	1541	20
1523	1542	9
1523	787	9
1523	1543	9
1523	1544	9
1523	1545	9
1535	1523	15
1523	1546	18
1523	1	0
1523	1540	21
1523	1547	5
1523	1548	5
1523	1549	5
1523	1550	5
1523	1551	5
1523	1552	16
1523	1553	30
1523	1554	17
1555	1556	22
1555	1557	14
1555	1558	27
1555	1559	5
1555	1560	5
1555	1561	5
1555	1562	5
1555	1563	5
1555	1564	5
1555	1565	5
1555	1566	5
1555	1567	5
1555	1568	5
1555	1569	5
1555	1570	5
1555	1571	5
1555	1572	5
1555	1573	5
1555	1574	5
1555	1575	5
1555	1576	5
1555	1577	5
1555	1578	5
1555	1579	5
1555	1580	5
1555	1581	26
1582	1555	15
1583	1555	15
1555	1584	8
1555	4	2
1555	1585	4
1555	1586	4
1555	1587	6
1555	1581	29
1555	1556	21
1555	1583	13
1555	1582	13
1555	36	10
1555	1587	11
1555	1588	9
1555	1589	9
1555	1590	9
1555	1591	9
1555	1592	9
1555	1593	9
1555	1594	9
1555	1595	9
1555	1596	9
1555	1597	9
1555	1598	9
1555	1599	9
1555	1600	9
1555	1601	9
1555	1602	9
1555	1603	9
1555	1604	9
1555	1605	9
1555	1606	9
1555	1607	9
1555	1608	9
1555	1609	9
1555	1610	30
1555	1611	28
1612	425	16
1612	355	18
1612	4	2
1613	1612	15
1614	1612	15
1612	1615	11
1612	1616	8
1612	1617	8
1612	1618	8
1612	1619	21
1620	1612	1
1621	1612	1
1612	1619	22
1612	1622	14
1612	1623	32
1612	1624	20
1612	1614	13
1612	1613	13
1612	36	10
1612	1	0
1612	1625	17
1626	1612	25
1612	1627	4
1612	1628	4
1612	1615	6
1629	1630	14
1629	1631	14
1632	1629	1
1633	1629	1
1634	1629	1
1635	1629	1
1636	1629	1
1629	1637	20
1629	1638	22
1629	1	0
1629	1639	29
1629	1640	9
1629	1641	9
1629	1642	9
1629	1643	11
1629	4	2
1629	1644	5
1629	1645	5
1629	1646	5
1629	1647	13
1629	1648	13
1629	1643	6
1629	1649	27
1629	1650	4
1651	1629	25
1629	1652	28
1629	1638	21
1629	1653	30
1647	1629	15
1648	1629	15
1629	1654	8
1629	1655	8
1629	1656	8
1629	1657	18
1629	1639	26
1629	36	10
1629	1658	19
1629	1659	17
1660	1661	6
1660	4	36
1660	1662	37
1660	1663	15
1660	1664	15
1660	1665	15
1660	1666	15
1660	1667	15
1660	1668	15
1660	1669	15
1660	1670	15
1660	1671	15
1660	1672	15
1660	1673	15
1660	1674	15
1660	1675	15
1660	1676	15
1660	1677	15
1660	1678	8
1665	1660	13
1670	1660	13
1663	1660	13
1668	1660	13
1673	1660	13
1667	1660	13
1671	1660	13
1677	1660	13
1666	1660	13
1674	1660	13
1675	1660	13
1676	1660	13
1672	1660	13
1664	1660	13
1669	1660	13
1660	582	10
1660	581	10
1679	614	41
1679	4	39
1679	1680	6
1679	651	10
1679	581	10
1679	1681	9
1679	1682	9
1679	1683	9
1679	1684	9
1679	1685	9
1679	1686	9
1679	1687	9
1679	1688	9
1679	1689	9
1679	1690	9
1679	1691	9
1679	1692	9
1679	1693	9
1679	1694	9
1679	1695	9
1679	1696	9
1679	1697	9
1679	1698	9
1679	614	38
1679	1699	40
1679	1700	8
1701	1679	5
1702	1679	5
1703	1679	5
1704	1679	5
1705	1679	5
1706	1679	5
1707	1679	5
1708	1679	5
1709	1679	5
1710	1679	5
1711	1679	5
1712	1679	5
1713	1679	5
1714	1679	5
1715	1679	5
1716	1679	5
1717	1679	5
1718	1679	5
1719	1720	9
1719	1721	9
1719	1722	9
1719	1723	9
1719	1724	9
1719	1725	9
1719	1726	9
1719	1727	9
1719	1728	9
1719	1729	9
1719	1730	9
1719	1731	9
1732	1719	5
1733	1719	5
1734	1719	5
1735	1719	5
1736	1719	5
1737	1719	5
1738	1719	5
1739	1719	5
1740	1719	5
1741	1719	5
1742	1719	5
1743	1719	5
1719	614	41
1719	1744	40
1719	1745	8
1719	4	39
1719	651	10
1719	581	10
1719	1746	6
1719	614	38
1747	1748	40
1747	614	38
1747	1749	9
1747	1750	9
1747	1751	9
1747	1752	9
1747	1753	9
1747	1754	9
1747	1755	9
1747	1756	9
1747	1757	9
1747	1758	9
1747	1759	9
1747	1760	9
1747	581	10
1747	651	10
1761	1747	5
1762	1747	5
1763	1747	5
1764	1747	5
1765	1747	5
1766	1747	5
1767	1747	5
1768	1747	5
1769	1747	5
1770	1747	5
1771	1747	5
1772	1747	5
1747	1773	8
1747	614	41
1747	1774	6
1747	4	39
1775	1776	6
1775	1777	37
1775	1778	8
1779	1775	13
1780	1775	13
1781	1775	13
680	1775	13
1782	1775	13
1783	1775	13
1784	1775	13
659	1775	13
1785	1775	13
1786	1775	13
675	1775	13
663	1775	13
142	1775	13
1787	1775	13
1788	1775	13
1775	4	36
1775	582	10
1775	581	10
1775	663	15
1775	1780	15
1775	1781	15
1775	1783	15
1775	1785	15
1775	680	15
1775	142	15
1775	1782	15
1775	675	15
1775	1784	15
1775	1788	15
1775	659	15
1775	1787	15
1775	1786	15
1775	1779	15
